reference_date,series_code,value,IsTarget
2000-01-01,BOPTIMP_perc_diff_lag_1,0.89359766,1
2000-02-01,BOPTIMP_perc_diff_lag_1,2.8294132,1
2000-03-01,BOPTIMP_perc_diff_lag_1,2.0097306,1
2000-04-01,BOPTIMP_perc_diff_lag_1,-0.60250103,1
2000-05-01,BOPTIMP_perc_diff_lag_1,0.14072925,1
2000-06-01,BOPTIMP_perc_diff_lag_1,3.316035,1
2000-07-01,BOPTIMP_perc_diff_lag_1,0.33349723,1
2000-08-01,BOPTIMP_perc_diff_lag_1,0.48674121,1
2000-09-01,BOPTIMP_perc_diff_lag_1,2.5901513,1
2000-10-01,BOPTIMP_perc_diff_lag_1,-0.5347382,1
2000-11-01,BOPTIMP_perc_diff_lag_1,-0.72717136,1
2000-12-01,BOPTIMP_perc_diff_lag_1,-0.13398373,1
2001-01-01,BOPTIMP_perc_diff_lag_1,1.2227355,1
2001-02-01,BOPTIMP_perc_diff_lag_1,-4.4413757,1
2001-03-01,BOPTIMP_perc_diff_lag_1,1.3803872,1
2001-04-01,BOPTIMP_perc_diff_lag_1,-2.9812474,1
2001-05-01,BOPTIMP_perc_diff_lag_1,-2.4082956,1
2001-06-01,BOPTIMP_perc_diff_lag_1,-0.4179213,1
2001-07-01,BOPTIMP_perc_diff_lag_1,-1.7247522,1
2001-08-01,BOPTIMP_perc_diff_lag_1,-0.99819636,1
2001-09-01,BOPTIMP_perc_diff_lag_1,-2.0084841,1
2001-10-01,BOPTIMP_perc_diff_lag_1,-0.069263436,1
2001-11-01,BOPTIMP_perc_diff_lag_1,-1.0953033,1
2001-12-01,BOPTIMP_perc_diff_lag_1,-2.9147341,1
2002-01-01,BOPTIMP_perc_diff_lag_1,3.466682,1
2002-02-01,BOPTIMP_perc_diff_lag_1,2.594136,1
2002-03-01,BOPTIMP_perc_diff_lag_1,-0.23084356,1
2002-04-01,BOPTIMP_perc_diff_lag_1,4.0634584,1
2002-05-01,BOPTIMP_perc_diff_lag_1,0.35850635,1
2002-06-01,BOPTIMP_perc_diff_lag_1,1.5826128,1
2002-07-01,BOPTIMP_perc_diff_lag_1,-0.55707717,1
2002-08-01,BOPTIMP_perc_diff_lag_1,2.072477,1
2002-09-01,BOPTIMP_perc_diff_lag_1,-0.41640642,1
2002-10-01,BOPTIMP_perc_diff_lag_1,-1.4325737,1
2002-11-01,BOPTIMP_perc_diff_lag_1,4.728411,1
2002-12-01,BOPTIMP_perc_diff_lag_1,1.4185604,1
2003-01-01,BOPTIMP_perc_diff_lag_1,-1.2125957,1
2003-02-01,BOPTIMP_perc_diff_lag_1,-0.39783937,1
2003-03-01,BOPTIMP_perc_diff_lag_1,3.0744627,1
2003-04-01,BOPTIMP_perc_diff_lag_1,-1.8595968,1
2003-05-01,BOPTIMP_perc_diff_lag_1,-0.7439688,1
2003-06-01,BOPTIMP_perc_diff_lag_1,0.9654336,1
2003-07-01,BOPTIMP_perc_diff_lag_1,1.918811,1
2003-08-01,BOPTIMP_perc_diff_lag_1,-1.9392606,1
2003-09-01,BOPTIMP_perc_diff_lag_1,3.2164235,1
2003-10-01,BOPTIMP_perc_diff_lag_1,1.1396543,1
2003-11-01,BOPTIMP_perc_diff_lag_1,0.722296,1
2003-12-01,BOPTIMP_perc_diff_lag_1,2.9591525,1
2004-01-01,BOPTIMP_perc_diff_lag_1,0.07845866,1
2004-02-01,BOPTIMP_perc_diff_lag_1,2.5693555,1
2004-03-01,BOPTIMP_perc_diff_lag_1,3.4452672,1
2004-04-01,BOPTIMP_perc_diff_lag_1,0.15335178,1
2004-05-01,BOPTIMP_perc_diff_lag_1,1.4399955,1
2004-06-01,BOPTIMP_perc_diff_lag_1,2.8754716,1
2004-07-01,BOPTIMP_perc_diff_lag_1,-0.9523746,1
2004-08-01,BOPTIMP_perc_diff_lag_1,1.6362205,1
2004-09-01,BOPTIMP_perc_diff_lag_1,-0.31468832,1
2004-10-01,BOPTIMP_perc_diff_lag_1,3.3787916,1
2004-11-01,BOPTIMP_perc_diff_lag_1,2.2539086,1
2004-12-01,BOPTIMP_perc_diff_lag_1,-0.8544053,1
2005-01-01,BOPTIMP_perc_diff_lag_1,1.0754665,1
2005-02-01,BOPTIMP_perc_diff_lag_1,1.6995515,1
2005-03-01,BOPTIMP_perc_diff_lag_1,-2.389207,1
2005-04-01,BOPTIMP_perc_diff_lag_1,4.012488,1
2005-05-01,BOPTIMP_perc_diff_lag_1,-0.8877142,1
2005-06-01,BOPTIMP_perc_diff_lag_1,1.26656,1
2005-07-01,BOPTIMP_perc_diff_lag_1,0.11926022,1
2005-08-01,BOPTIMP_perc_diff_lag_1,1.1113664,1
2005-09-01,BOPTIMP_perc_diff_lag_1,2.8818324,1
2005-10-01,BOPTIMP_perc_diff_lag_1,2.928987,1
2005-11-01,BOPTIMP_perc_diff_lag_1,-0.99221814,1
2005-12-01,BOPTIMP_perc_diff_lag_1,1.7505034,1
2006-01-01,BOPTIMP_perc_diff_lag_1,2.47043,1
2006-02-01,BOPTIMP_perc_diff_lag_1,-1.9792447,1
2006-03-01,BOPTIMP_perc_diff_lag_1,1.13741,1
2006-04-01,BOPTIMP_perc_diff_lag_1,0.5501691,1
2006-05-01,BOPTIMP_perc_diff_lag_1,2.062959,1
2006-06-01,BOPTIMP_perc_diff_lag_1,0.29681727,1
2006-07-01,BOPTIMP_perc_diff_lag_1,0.43640262,1
2006-08-01,BOPTIMP_perc_diff_lag_1,1.9846375,1
2006-09-01,BOPTIMP_perc_diff_lag_1,-1.0002251,1
2006-10-01,BOPTIMP_perc_diff_lag_1,-2.1544204,1
2006-11-01,BOPTIMP_perc_diff_lag_1,0.6786585,1
2006-12-01,BOPTIMP_perc_diff_lag_1,2.3346052,1
2007-01-01,BOPTIMP_perc_diff_lag_1,-1.0567609,1
2007-02-01,BOPTIMP_perc_diff_lag_1,-0.372094,1
2007-03-01,BOPTIMP_perc_diff_lag_1,4.2876143,1
2007-04-01,BOPTIMP_perc_diff_lag_1,-1.1090761,1
2007-05-01,BOPTIMP_perc_diff_lag_1,0.8057985,1
2007-06-01,BOPTIMP_perc_diff_lag_1,0.973353,1
2007-07-01,BOPTIMP_perc_diff_lag_1,0.75161296,1
2007-08-01,BOPTIMP_perc_diff_lag_1,-0.029679263,1
2007-09-01,BOPTIMP_perc_diff_lag_1,0.75226563,1
2007-10-01,BOPTIMP_perc_diff_lag_1,0.9803824,1
2007-11-01,BOPTIMP_perc_diff_lag_1,2.3522313,1
2007-12-01,BOPTIMP_perc_diff_lag_1,-0.5933886,1
2008-01-01,BOPTIMP_perc_diff_lag_1,3.2636752,1
2008-02-01,BOPTIMP_perc_diff_lag_1,2.5664563,1
2008-03-01,BOPTIMP_perc_diff_lag_1,-2.1961126,1
2008-04-01,BOPTIMP_perc_diff_lag_1,3.7517598,1
2008-05-01,BOPTIMP_perc_diff_lag_1,0.13433139,1
2008-06-01,BOPTIMP_perc_diff_lag_1,1.6125244,1
2008-07-01,BOPTIMP_perc_diff_lag_1,3.6712868,1
2008-08-01,BOPTIMP_perc_diff_lag_1,-3.2124038,1
2008-09-01,BOPTIMP_perc_diff_lag_1,-4.795573,1
2008-10-01,BOPTIMP_perc_diff_lag_1,-1.0102185,1
2008-11-01,BOPTIMP_perc_diff_lag_1,-11.576953,1
2008-12-01,BOPTIMP_perc_diff_lag_1,-6.2348156,1
2009-01-01,BOPTIMP_perc_diff_lag_1,-6.336427,1
2009-02-01,BOPTIMP_perc_diff_lag_1,-5.163407,1
2009-03-01,BOPTIMP_perc_diff_lag_1,-0.00063828024,1
2009-04-01,BOPTIMP_perc_diff_lag_1,-0.5578605,1
2009-05-01,BOPTIMP_perc_diff_lag_1,-1.6784769,1
2009-06-01,BOPTIMP_perc_diff_lag_1,2.4591823,1
2009-07-01,BOPTIMP_perc_diff_lag_1,5.248235,1
2009-08-01,BOPTIMP_perc_diff_lag_1,-0.57208586,1
2009-09-01,BOPTIMP_perc_diff_lag_1,4.9037995,1
2009-10-01,BOPTIMP_perc_diff_lag_1,2.1596806,1
2009-11-01,BOPTIMP_perc_diff_lag_1,2.5230803,1
2009-12-01,BOPTIMP_perc_diff_lag_1,2.465975,1
2010-01-01,BOPTIMP_perc_diff_lag_1,-0.7809373,1
2010-02-01,BOPTIMP_perc_diff_lag_1,2.6659472,1
2010-03-01,BOPTIMP_perc_diff_lag_1,1.5916922,1
2010-04-01,BOPTIMP_perc_diff_lag_1,0.07891257,1
2010-05-01,BOPTIMP_perc_diff_lag_1,2.3002372,1
2010-06-01,BOPTIMP_perc_diff_lag_1,2.416963,1
2010-07-01,BOPTIMP_perc_diff_lag_1,-1.1308699,1
2010-08-01,BOPTIMP_perc_diff_lag_1,2.5275617,1
2010-09-01,BOPTIMP_perc_diff_lag_1,-0.21092793,1
2010-10-01,BOPTIMP_perc_diff_lag_1,0.94699395,1
2010-11-01,BOPTIMP_perc_diff_lag_1,-0.2538071,1
2010-12-01,BOPTIMP_perc_diff_lag_1,2.8728714,1
2011-01-01,BOPTIMP_perc_diff_lag_1,3.7049723,1
2011-02-01,BOPTIMP_perc_diff_lag_1,-2.1108155,1
2011-03-01,BOPTIMP_perc_diff_lag_1,3.5470297,1
2011-04-01,BOPTIMP_perc_diff_lag_1,0.24209459,1
2011-05-01,BOPTIMP_perc_diff_lag_1,2.2832844,1
2011-06-01,BOPTIMP_perc_diff_lag_1,0.08650328,1
2011-07-01,BOPTIMP_perc_diff_lag_1,0.3510056,1
2011-08-01,BOPTIMP_perc_diff_lag_1,-0.020213295,1
2011-09-01,BOPTIMP_perc_diff_lag_1,-0.0848251,1
2011-10-01,BOPTIMP_perc_diff_lag_1,0.3765385,1
2011-11-01,BOPTIMP_perc_diff_lag_1,0.029799728,1
2011-12-01,BOPTIMP_perc_diff_lag_1,1.5889914,1
2012-01-01,BOPTIMP_perc_diff_lag_1,0.28721133,1
2012-02-01,BOPTIMP_perc_diff_lag_1,-2.0150418,1
2012-03-01,BOPTIMP_perc_diff_lag_1,4.5619116,1
2012-04-01,BOPTIMP_perc_diff_lag_1,-1.8156636,1
2012-05-01,BOPTIMP_perc_diff_lag_1,-0.6211154,1
2012-06-01,BOPTIMP_perc_diff_lag_1,-0.98631716,1
2012-07-01,BOPTIMP_perc_diff_lag_1,-0.46396858,1
2012-08-01,BOPTIMP_perc_diff_lag_1,-0.03971718,1
2012-09-01,BOPTIMP_perc_diff_lag_1,0.41348475,1
2012-10-01,BOPTIMP_perc_diff_lag_1,-1.0331513,1
2012-11-01,BOPTIMP_perc_diff_lag_1,2.721441,1
2012-12-01,BOPTIMP_perc_diff_lag_1,-2.238723,1
2013-01-01,BOPTIMP_perc_diff_lag_1,0.8133532,1
2013-02-01,BOPTIMP_perc_diff_lag_1,1.3123918,1
2013-03-01,BOPTIMP_perc_diff_lag_1,-3.970134,1
2013-04-01,BOPTIMP_perc_diff_lag_1,2.194714,1
2013-05-01,BOPTIMP_perc_diff_lag_1,1.0694253,1
2013-06-01,BOPTIMP_perc_diff_lag_1,-1.8095834,1
2013-07-01,BOPTIMP_perc_diff_lag_1,0.49877945,1
2013-08-01,BOPTIMP_perc_diff_lag_1,0.25602984,1
2013-09-01,BOPTIMP_perc_diff_lag_1,1.4659019,1
2013-10-01,BOPTIMP_perc_diff_lag_1,0.14412817,1
2013-11-01,BOPTIMP_perc_diff_lag_1,-0.6366882,1
2013-12-01,BOPTIMP_perc_diff_lag_1,-0.56121236,1
2014-01-01,BOPTIMP_perc_diff_lag_1,1.4083405,1
2014-02-01,BOPTIMP_perc_diff_lag_1,0.83695644,1
2014-03-01,BOPTIMP_perc_diff_lag_1,3.1112604,1
2014-04-01,BOPTIMP_perc_diff_lag_1,0.11876533,1
2014-05-01,BOPTIMP_perc_diff_lag_1,-0.74181473,1
2014-06-01,BOPTIMP_perc_diff_lag_1,-0.65772545,1
2014-07-01,BOPTIMP_perc_diff_lag_1,0.11737825,1
2014-08-01,BOPTIMP_perc_diff_lag_1,-0.22279893,1
2014-09-01,BOPTIMP_perc_diff_lag_1,0.8630783,1
2014-10-01,BOPTIMP_perc_diff_lag_1,0.5024709,1
2014-11-01,BOPTIMP_perc_diff_lag_1,-1.544427,1
2014-12-01,BOPTIMP_perc_diff_lag_1,1.067556,1
2015-01-01,BOPTIMP_perc_diff_lag_1,-3.3607767,1
2015-02-01,BOPTIMP_perc_diff_lag_1,-3.140912,1
2015-03-01,BOPTIMP_perc_diff_lag_1,6.70564,1
2015-04-01,BOPTIMP_perc_diff_lag_1,-3.340306,1
2015-05-01,BOPTIMP_perc_diff_lag_1,-1.0739068,1
2015-06-01,BOPTIMP_perc_diff_lag_1,1.5265619,1
2015-07-01,BOPTIMP_perc_diff_lag_1,-1.182964,1
2015-08-01,BOPTIMP_perc_diff_lag_1,0.4836958,1
2015-09-01,BOPTIMP_perc_diff_lag_1,-0.657467,1
2015-10-01,BOPTIMP_perc_diff_lag_1,-0.92619884,1
2015-11-01,BOPTIMP_perc_diff_lag_1,-1.2222704,1
2015-12-01,BOPTIMP_perc_diff_lag_1,-0.14482035,1
2016-01-01,BOPTIMP_perc_diff_lag_1,-1.9226505,1
2016-02-01,BOPTIMP_perc_diff_lag_1,2.4220498,1
2016-03-01,BOPTIMP_perc_diff_lag_1,-3.5577574,1
2016-04-01,BOPTIMP_perc_diff_lag_1,1.2296677,1
2016-05-01,BOPTIMP_perc_diff_lag_1,1.1089052,1
2016-06-01,BOPTIMP_perc_diff_lag_1,1.8365531,1
2016-07-01,BOPTIMP_perc_diff_lag_1,-0.083451554,1
2016-08-01,BOPTIMP_perc_diff_lag_1,1.3051295,1
2016-09-01,BOPTIMP_perc_diff_lag_1,-1.362516,1
2016-10-01,BOPTIMP_perc_diff_lag_1,0.5608932,1
2016-11-01,BOPTIMP_perc_diff_lag_1,1.6492338,1
2016-12-01,BOPTIMP_perc_diff_lag_1,0.90118396,1
2017-01-01,BOPTIMP_perc_diff_lag_1,1.6715361,1
2017-02-01,BOPTIMP_perc_diff_lag_1,-1.1721077,1
2017-03-01,BOPTIMP_perc_diff_lag_1,0.2911962,1
2017-04-01,BOPTIMP_perc_diff_lag_1,1.181719,1
2017-05-01,BOPTIMP_perc_diff_lag_1,-0.23425278,1
2017-06-01,BOPTIMP_perc_diff_lag_1,0.30943656,1
2017-07-01,BOPTIMP_perc_diff_lag_1,0.020899864,1
2017-08-01,BOPTIMP_perc_diff_lag_1,0.18513411,1
2017-09-01,BOPTIMP_perc_diff_lag_1,0.8447038,1
2017-10-01,BOPTIMP_perc_diff_lag_1,1.3253142,1
2017-11-01,BOPTIMP_perc_diff_lag_1,2.7755778,1
2017-12-01,BOPTIMP_perc_diff_lag_1,1.9574431,1
2018-01-01,BOPTIMP_perc_diff_lag_1,-0.9003253,1
2018-02-01,BOPTIMP_perc_diff_lag_1,1.6837412,1
2018-03-01,BOPTIMP_perc_diff_lag_1,-0.96034515,1
2018-04-01,BOPTIMP_perc_diff_lag_1,0.22992274,1
2018-05-01,BOPTIMP_perc_diff_lag_1,-0.22199547,1
2018-06-01,BOPTIMP_perc_diff_lag_1,0.29704285,1
2018-07-01,BOPTIMP_perc_diff_lag_1,1.6446588,1
2018-08-01,BOPTIMP_perc_diff_lag_1,0.013400771,1
2018-09-01,BOPTIMP_perc_diff_lag_1,1.3119512,1
2018-10-01,BOPTIMP_perc_diff_lag_1,0.78521466,1
2018-11-01,BOPTIMP_perc_diff_lag_1,-2.1070864,1
2018-12-01,BOPTIMP_perc_diff_lag_1,1.630799,1
2019-01-01,BOPTIMP_perc_diff_lag_1,-2.2950215,1
2019-02-01,BOPTIMP_perc_diff_lag_1,-0.4466438,1
2019-03-01,BOPTIMP_perc_diff_lag_1,1.5353979,1
2019-04-01,BOPTIMP_perc_diff_lag_1,-1.3664184,1
2019-05-01,BOPTIMP_perc_diff_lag_1,2.1737702,1
2019-06-01,BOPTIMP_perc_diff_lag_1,-1.1764038,1
2019-07-01,BOPTIMP_perc_diff_lag_1,0.19156867,1
2019-08-01,BOPTIMP_perc_diff_lag_1,-0.07954019,1
2019-09-01,BOPTIMP_perc_diff_lag_1,-1.6249833,1
2019-10-01,BOPTIMP_perc_diff_lag_1,-1.4071248,1
2019-11-01,BOPTIMP_perc_diff_lag_1,-0.7130118,1
2019-12-01,BOPTIMP_perc_diff_lag_1,2.2040734,1
2020-01-01,BOPTIMP_perc_diff_lag_1,-1.7641958,1
2020-02-01,BOPTIMP_perc_diff_lag_1,-2.3646858,1
2020-03-01,BOPTIMP_perc_diff_lag_1,-5.6458282,1
2020-04-01,BOPTIMP_perc_diff_lag_1,-13.655503,1
2020-05-01,BOPTIMP_perc_diff_lag_1,-0.6439317,1
2020-06-01,BOPTIMP_perc_diff_lag_1,4.647925,1
2020-07-01,BOPTIMP_perc_diff_lag_1,10.8869095,1
2020-08-01,BOPTIMP_perc_diff_lag_1,3.1732605,1
2000-01-01,A061RC1_diff_lag_1,9.900024,0
2000-02-01,A061RC1_diff_lag_1,3.5999756,0
2000-03-01,A061RC1_diff_lag_1,1.8000488,0
2000-04-01,A061RC1_diff_lag_1,0.2999878,0
2000-05-01,A061RC1_diff_lag_1,-2.9000244,0
2000-06-01,A061RC1_diff_lag_1,5.0,0
2000-07-01,A061RC1_diff_lag_1,8.600037,0
2000-08-01,A061RC1_diff_lag_1,1.3999634,0
2000-09-01,A061RC1_diff_lag_1,3.7000122,0
2000-10-01,A061RC1_diff_lag_1,2.0999756,0
2000-11-01,A061RC1_diff_lag_1,0.6000366,0
2000-12-01,A061RC1_diff_lag_1,0.8999634,0
2001-01-01,A061RC1_diff_lag_1,10.100037,0
2001-02-01,A061RC1_diff_lag_1,4.799988,0
2001-03-01,A061RC1_diff_lag_1,2.7999878,0
2001-04-01,A061RC1_diff_lag_1,-2.2999878,0
2001-05-01,A061RC1_diff_lag_1,-0.7000122,0
2001-06-01,A061RC1_diff_lag_1,0.2000122,0
2001-07-01,A061RC1_diff_lag_1,-0.5,0
2001-08-01,A061RC1_diff_lag_1,-0.4000244,0
2001-09-01,A061RC1_diff_lag_1,0.4000244,0
2001-10-01,A061RC1_diff_lag_1,0.7999878,0
2001-11-01,A061RC1_diff_lag_1,1.7000122,0
2001-12-01,A061RC1_diff_lag_1,1.5999756,0
2002-01-01,A061RC1_diff_lag_1,5.0,0
2002-02-01,A061RC1_diff_lag_1,0.7000122,0
2002-03-01,A061RC1_diff_lag_1,3.2000122,0
2002-04-01,A061RC1_diff_lag_1,2.9000244,0
2002-05-01,A061RC1_diff_lag_1,2.5999756,0
2002-06-01,A061RC1_diff_lag_1,4.0999756,0
2002-07-01,A061RC1_diff_lag_1,-2.5999756,0
2002-08-01,A061RC1_diff_lag_1,1.7999878,0
2002-09-01,A061RC1_diff_lag_1,1.9000244,0
2002-10-01,A061RC1_diff_lag_1,0.2999878,0
2002-11-01,A061RC1_diff_lag_1,0.7000122,0
2002-12-01,A061RC1_diff_lag_1,0.2000122,0
2003-01-01,A061RC1_diff_lag_1,3.6999512,0
2003-02-01,A061RC1_diff_lag_1,1.4000244,0
2003-03-01,A061RC1_diff_lag_1,3.7999878,0
2003-04-01,A061RC1_diff_lag_1,2.6000366,0
2003-05-01,A061RC1_diff_lag_1,6.0999756,0
2003-06-01,A061RC1_diff_lag_1,2.7999878,0
2003-07-01,A061RC1_diff_lag_1,2.1000366,0
2003-08-01,A061RC1_diff_lag_1,3.8999634,0
2003-09-01,A061RC1_diff_lag_1,3.7999878,0
2003-10-01,A061RC1_diff_lag_1,5.200012,0
2003-11-01,A061RC1_diff_lag_1,5.4000244,0
2003-12-01,A061RC1_diff_lag_1,-0.9000244,0
2004-01-01,A061RC1_diff_lag_1,10.400024,0
2004-02-01,A061RC1_diff_lag_1,0.7000122,0
2004-03-01,A061RC1_diff_lag_1,3.0999756,0
2004-04-01,A061RC1_diff_lag_1,5.0,0
2004-05-01,A061RC1_diff_lag_1,9.299988,0
2004-06-01,A061RC1_diff_lag_1,2.7999878,0
2004-07-01,A061RC1_diff_lag_1,6.800049,0
2004-08-01,A061RC1_diff_lag_1,4.5999756,0
2004-09-01,A061RC1_diff_lag_1,2.0999756,0
2004-10-01,A061RC1_diff_lag_1,2.4000244,0
2004-11-01,A061RC1_diff_lag_1,-0.7000122,0
2004-12-01,A061RC1_diff_lag_1,2.7000122,0
2005-01-01,A061RC1_diff_lag_1,10.099976,0
2005-02-01,A061RC1_diff_lag_1,1.9000244,0
2005-03-01,A061RC1_diff_lag_1,0.7000122,0
2005-04-01,A061RC1_diff_lag_1,4.299988,0
2005-05-01,A061RC1_diff_lag_1,2.4000244,0
2005-06-01,A061RC1_diff_lag_1,3.5,0
2005-07-01,A061RC1_diff_lag_1,7.299988,0
2005-08-01,A061RC1_diff_lag_1,2.3999634,0
2005-09-01,A061RC1_diff_lag_1,3.7000122,0
2005-10-01,A061RC1_diff_lag_1,4.5,0
2005-11-01,A061RC1_diff_lag_1,1.9000244,0
2005-12-01,A061RC1_diff_lag_1,2.7000122,0
2006-01-01,A061RC1_diff_lag_1,15.399963,0
2006-02-01,A061RC1_diff_lag_1,7.5,0
2006-03-01,A061RC1_diff_lag_1,2.7000122,0
2006-04-01,A061RC1_diff_lag_1,2.9000244,0
2006-05-01,A061RC1_diff_lag_1,-4.4000244,0
2006-06-01,A061RC1_diff_lag_1,1.7999878,0
2006-07-01,A061RC1_diff_lag_1,3.4000244,0
2006-08-01,A061RC1_diff_lag_1,0.7000122,0
2006-09-01,A061RC1_diff_lag_1,2.8999634,0
2006-10-01,A061RC1_diff_lag_1,5.4000244,0
2006-11-01,A061RC1_diff_lag_1,4.5999756,0
2006-12-01,A061RC1_diff_lag_1,8.900024,0
2007-01-01,A061RC1_diff_lag_1,7.3999634,0
2007-02-01,A061RC1_diff_lag_1,5.800049,0
2007-03-01,A061RC1_diff_lag_1,2.1999512,0
2007-04-01,A061RC1_diff_lag_1,-1.3999634,0
2007-05-01,A061RC1_diff_lag_1,-1.5,0
2007-06-01,A061RC1_diff_lag_1,1.7000122,0
2007-07-01,A061RC1_diff_lag_1,1.5999756,0
2007-08-01,A061RC1_diff_lag_1,-1.2999878,0
2007-09-01,A061RC1_diff_lag_1,5.799988,0
2007-10-01,A061RC1_diff_lag_1,1.7999878,0
2007-11-01,A061RC1_diff_lag_1,6.299988,0
2007-12-01,A061RC1_diff_lag_1,6.4000244,0
2008-01-01,A061RC1_diff_lag_1,1.7999878,0
2008-02-01,A061RC1_diff_lag_1,3.2000122,0
2008-03-01,A061RC1_diff_lag_1,4.5999756,0
2008-04-01,A061RC1_diff_lag_1,-3.1999512,0
2008-05-01,A061RC1_diff_lag_1,1.1999512,0
2008-06-01,A061RC1_diff_lag_1,1.5,0
2008-07-01,A061RC1_diff_lag_1,0.7000122,0
2008-08-01,A061RC1_diff_lag_1,3.7000122,0
2008-09-01,A061RC1_diff_lag_1,2.4000244,0
2008-10-01,A061RC1_diff_lag_1,4.0999756,0
2008-11-01,A061RC1_diff_lag_1,-3.9000244,0
2008-12-01,A061RC1_diff_lag_1,-12.599976,0
2009-01-01,A061RC1_diff_lag_1,-15.200012,0
2009-02-01,A061RC1_diff_lag_1,-8.799988,0
2009-03-01,A061RC1_diff_lag_1,-3.2999878,0
2009-04-01,A061RC1_diff_lag_1,8.5,0
2009-05-01,A061RC1_diff_lag_1,4.5,0
2009-06-01,A061RC1_diff_lag_1,0.2000122,0
2009-07-01,A061RC1_diff_lag_1,-3.8000488,0
2009-08-01,A061RC1_diff_lag_1,-0.099975586,0
2009-09-01,A061RC1_diff_lag_1,-0.7000122,0
2009-10-01,A061RC1_diff_lag_1,2.0,0
2009-11-01,A061RC1_diff_lag_1,3.5,0
2009-12-01,A061RC1_diff_lag_1,-1.2999878,0
2010-01-01,A061RC1_diff_lag_1,9.700012,0
2010-02-01,A061RC1_diff_lag_1,-6.299988,0
2010-03-01,A061RC1_diff_lag_1,1.7999878,0
2010-04-01,A061RC1_diff_lag_1,7.5999756,0
2010-05-01,A061RC1_diff_lag_1,7.299988,0
2010-06-01,A061RC1_diff_lag_1,-2.0,0
2010-07-01,A061RC1_diff_lag_1,1.7000122,0
2010-08-01,A061RC1_diff_lag_1,0.9000244,0
2010-09-01,A061RC1_diff_lag_1,-1.5,0
2010-10-01,A061RC1_diff_lag_1,2.2999878,0
2010-11-01,A061RC1_diff_lag_1,-1.0999756,0
2010-12-01,A061RC1_diff_lag_1,3.5999756,0
2011-01-01,A061RC1_diff_lag_1,-82.29999,0
2011-02-01,A061RC1_diff_lag_1,3.7999878,0
2011-03-01,A061RC1_diff_lag_1,0.2000122,0
2011-04-01,A061RC1_diff_lag_1,-0.2000122,0
2011-05-01,A061RC1_diff_lag_1,0.5999756,0
2011-06-01,A061RC1_diff_lag_1,3.2000122,0
2011-07-01,A061RC1_diff_lag_1,7.9000244,0
2011-08-01,A061RC1_diff_lag_1,-1.7999878,0
2011-09-01,A061RC1_diff_lag_1,-1.8000488,0
2011-10-01,A061RC1_diff_lag_1,-4.3999634,0
2011-11-01,A061RC1_diff_lag_1,-3.1000366,0
2011-12-01,A061RC1_diff_lag_1,8.400024,0
2012-01-01,A061RC1_diff_lag_1,11.900024,0
2012-02-01,A061RC1_diff_lag_1,7.8999634,0
2012-03-01,A061RC1_diff_lag_1,3.4000244,0
2012-04-01,A061RC1_diff_lag_1,1.5999756,0
2012-05-01,A061RC1_diff_lag_1,-3.7000122,0
2012-06-01,A061RC1_diff_lag_1,1.3000488,0
2012-07-01,A061RC1_diff_lag_1,-1.5,0
2012-08-01,A061RC1_diff_lag_1,2.2999878,0
2012-09-01,A061RC1_diff_lag_1,9.599976,0
2012-10-01,A061RC1_diff_lag_1,3.9000244,0
2012-11-01,A061RC1_diff_lag_1,10.299988,0
2012-12-01,A061RC1_diff_lag_1,11.5,0
2013-01-01,A061RC1_diff_lag_1,109.19995,0
2013-02-01,A061RC1_diff_lag_1,0.60009766,0
2013-03-01,A061RC1_diff_lag_1,1.6999512,0
2013-04-01,A061RC1_diff_lag_1,6.0,0
2013-05-01,A061RC1_diff_lag_1,5.800049,0
2013-06-01,A061RC1_diff_lag_1,3.5,0
2013-07-01,A061RC1_diff_lag_1,-3.8000488,0
2013-08-01,A061RC1_diff_lag_1,2.6999512,0
2013-09-01,A061RC1_diff_lag_1,2.8000488,0
2013-10-01,A061RC1_diff_lag_1,1.9000244,0
2013-11-01,A061RC1_diff_lag_1,6.699951,0
2013-12-01,A061RC1_diff_lag_1,5.5,0
2014-01-01,A061RC1_diff_lag_1,11.0,0
2014-02-01,A061RC1_diff_lag_1,6.0999756,0
2014-03-01,A061RC1_diff_lag_1,4.800049,0
2014-04-01,A061RC1_diff_lag_1,-1.3000488,0
2014-05-01,A061RC1_diff_lag_1,-0.099975586,0
2014-06-01,A061RC1_diff_lag_1,2.7000732,0
2014-07-01,A061RC1_diff_lag_1,4.0999756,0
2014-08-01,A061RC1_diff_lag_1,6.0,0
2014-09-01,A061RC1_diff_lag_1,5.199951,0
2014-10-01,A061RC1_diff_lag_1,5.5,0
2014-11-01,A061RC1_diff_lag_1,7.2000732,0
2014-12-01,A061RC1_diff_lag_1,5.699951,0
2015-01-01,A061RC1_diff_lag_1,4.800049,0
2015-02-01,A061RC1_diff_lag_1,4.8999023,0
2015-03-01,A061RC1_diff_lag_1,2.6000977,0
2015-04-01,A061RC1_diff_lag_1,3.8999023,0
2015-05-01,A061RC1_diff_lag_1,6.0,0
2015-06-01,A061RC1_diff_lag_1,2.1000977,0
2015-07-01,A061RC1_diff_lag_1,3.8999023,0
2015-08-01,A061RC1_diff_lag_1,3.4000244,0
2015-09-01,A061RC1_diff_lag_1,1.2000732,0
2015-10-01,A061RC1_diff_lag_1,4.0,0
2015-11-01,A061RC1_diff_lag_1,0.89990234,0
2015-12-01,A061RC1_diff_lag_1,2.6000977,0
2016-01-01,A061RC1_diff_lag_1,5.199951,0
2016-02-01,A061RC1_diff_lag_1,-1.0999756,0
2016-03-01,A061RC1_diff_lag_1,2.1999512,0
2016-04-01,A061RC1_diff_lag_1,3.3000488,0
2016-05-01,A061RC1_diff_lag_1,0.6999512,0
2016-06-01,A061RC1_diff_lag_1,4.2000732,0
2016-07-01,A061RC1_diff_lag_1,5.699951,0
2016-08-01,A061RC1_diff_lag_1,0.5999756,0
2016-09-01,A061RC1_diff_lag_1,5.9000244,0
2016-10-01,A061RC1_diff_lag_1,5.5,0
2016-11-01,A061RC1_diff_lag_1,3.0999756,0
2016-12-01,A061RC1_diff_lag_1,5.0999756,0
2017-01-01,A061RC1_diff_lag_1,12.600098,0
2017-02-01,A061RC1_diff_lag_1,4.5,0
2017-03-01,A061RC1_diff_lag_1,1.5,0
2017-04-01,A061RC1_diff_lag_1,5.8999023,0
2017-05-01,A061RC1_diff_lag_1,3.3000488,0
2017-06-01,A061RC1_diff_lag_1,5.5,0
2017-07-01,A061RC1_diff_lag_1,5.5,0
2017-08-01,A061RC1_diff_lag_1,3.8000488,0
2017-09-01,A061RC1_diff_lag_1,7.2999268,0
2017-10-01,A061RC1_diff_lag_1,6.0999756,0
2017-11-01,A061RC1_diff_lag_1,7.6000977,0
2017-12-01,A061RC1_diff_lag_1,4.3999023,0
2018-01-01,A061RC1_diff_lag_1,13.200073,0
2018-02-01,A061RC1_diff_lag_1,0.6999512,0
2018-03-01,A061RC1_diff_lag_1,2.2000732,0
2018-04-01,A061RC1_diff_lag_1,4.0999756,0
2018-05-01,A061RC1_diff_lag_1,3.0999756,0
2018-06-01,A061RC1_diff_lag_1,5.5999756,0
2018-07-01,A061RC1_diff_lag_1,7.0,0
2018-08-01,A061RC1_diff_lag_1,6.0999756,0
2018-09-01,A061RC1_diff_lag_1,1.2000732,0
2018-10-01,A061RC1_diff_lag_1,0.0,0
2018-11-01,A061RC1_diff_lag_1,2.9000244,0
2018-12-01,A061RC1_diff_lag_1,8.899902,0
2019-01-01,A061RC1_diff_lag_1,17.200073,0
2019-02-01,A061RC1_diff_lag_1,7.5999756,0
2019-03-01,A061RC1_diff_lag_1,8.0,0
2019-04-01,A061RC1_diff_lag_1,-1.5,0
2019-05-01,A061RC1_diff_lag_1,-1.5999756,0
2019-06-01,A061RC1_diff_lag_1,2.2999268,0
2019-07-01,A061RC1_diff_lag_1,-0.5999756,0
2019-08-01,A061RC1_diff_lag_1,5.5,0
2019-09-01,A061RC1_diff_lag_1,0.5999756,0
2019-10-01,A061RC1_diff_lag_1,6.300049,0
2019-11-01,A061RC1_diff_lag_1,6.699951,0
2019-12-01,A061RC1_diff_lag_1,2.7000732,0
2020-01-01,A061RC1_diff_lag_1,18.5,0
2020-02-01,A061RC1_diff_lag_1,12.799927,0
2020-03-01,A061RC1_diff_lag_1,-37.099976,0
2020-04-01,A061RC1_diff_lag_1,-80.79993,0
2020-05-01,A061RC1_diff_lag_1,33.299927,0
2020-06-01,A061RC1_diff_lag_1,22.200073,0
2020-07-01,A061RC1_diff_lag_1,16.599976,0
2020-08-01,A061RC1_diff_lag_1,13.799927,0
2000-01-01,AMTMVS_diff_lag_2,9730.0,0
2000-02-01,AMTMVS_diff_lag_2,-4284.0,0
2000-03-01,AMTMVS_diff_lag_2,-3231.0,0
2000-04-01,AMTMVS_diff_lag_2,15449.0,0
2000-05-01,AMTMVS_diff_lag_2,-185.0,0
2000-06-01,AMTMVS_diff_lag_2,-664.0,0
2000-07-01,AMTMVS_diff_lag_2,2141.0,0
2000-08-01,AMTMVS_diff_lag_2,-8296.0,0
2000-09-01,AMTMVS_diff_lag_2,4759.0,0
2000-10-01,AMTMVS_diff_lag_2,2264.0,0
2000-11-01,AMTMVS_diff_lag_2,-9260.0,0
2000-12-01,AMTMVS_diff_lag_2,2737.0,0
2001-01-01,AMTMVS_diff_lag_2,-4385.0,0
2001-02-01,AMTMVS_diff_lag_2,-5141.0,0
2001-03-01,AMTMVS_diff_lag_2,-2606.0,0
2001-04-01,AMTMVS_diff_lag_2,-15580.0,0
2001-05-01,AMTMVS_diff_lag_2,-1982.0,0
2001-06-01,AMTMVS_diff_lag_2,503.0,0
2001-07-01,AMTMVS_diff_lag_2,-10195.0,0
2001-08-01,AMTMVS_diff_lag_2,-676.0,0
2001-09-01,AMTMVS_diff_lag_2,-5702.0,0
2001-10-01,AMTMVS_diff_lag_2,-10532.0,0
2001-11-01,AMTMVS_diff_lag_2,-1951.0,0
2001-12-01,AMTMVS_diff_lag_2,2311.0,0
2002-01-01,AMTMVS_diff_lag_2,207.0,0
2002-02-01,AMTMVS_diff_lag_2,-2318.0,0
2002-03-01,AMTMVS_diff_lag_2,1426.0,0
2002-04-01,AMTMVS_diff_lag_2,6913.0,0
2002-05-01,AMTMVS_diff_lag_2,7471.0,0
2002-06-01,AMTMVS_diff_lag_2,1831.0,0
2002-07-01,AMTMVS_diff_lag_2,-3988.0,0
2002-08-01,AMTMVS_diff_lag_2,1098.0,0
2002-09-01,AMTMVS_diff_lag_2,5244.0,0
2002-10-01,AMTMVS_diff_lag_2,-321.0,0
2002-11-01,AMTMVS_diff_lag_2,545.0,0
2002-12-01,AMTMVS_diff_lag_2,-4903.0,0
2003-01-01,AMTMVS_diff_lag_2,-1150.0,0
2003-02-01,AMTMVS_diff_lag_2,8634.0,0
2003-03-01,AMTMVS_diff_lag_2,6194.0,0
2003-04-01,AMTMVS_diff_lag_2,-7571.0,0
2003-05-01,AMTMVS_diff_lag_2,-6817.0,0
2003-06-01,AMTMVS_diff_lag_2,6658.0,0
2003-07-01,AMTMVS_diff_lag_2,6489.0,0
2003-08-01,AMTMVS_diff_lag_2,1091.0,0
2003-09-01,AMTMVS_diff_lag_2,3810.0,0
2003-10-01,AMTMVS_diff_lag_2,6814.0,0
2003-11-01,AMTMVS_diff_lag_2,1362.0,0
2003-12-01,AMTMVS_diff_lag_2,370.0,0
2004-01-01,AMTMVS_diff_lag_2,91.0,0
2004-02-01,AMTMVS_diff_lag_2,1775.0,0
2004-03-01,AMTMVS_diff_lag_2,11501.0,0
2004-04-01,AMTMVS_diff_lag_2,8350.0,0
2004-05-01,AMTMVS_diff_lag_2,1179.0,0
2004-06-01,AMTMVS_diff_lag_2,5311.0,0
2004-07-01,AMTMVS_diff_lag_2,1584.0,0
2004-08-01,AMTMVS_diff_lag_2,5446.0,0
2004-09-01,AMTMVS_diff_lag_2,7565.0,0
2004-10-01,AMTMVS_diff_lag_2,9219.0,0
2004-11-01,AMTMVS_diff_lag_2,9932.0,0
2004-12-01,AMTMVS_diff_lag_2,5408.0,0
2005-01-01,AMTMVS_diff_lag_2,10786.0,0
2005-02-01,AMTMVS_diff_lag_2,6685.0,0
2005-03-01,AMTMVS_diff_lag_2,-121.0,0
2005-04-01,AMTMVS_diff_lag_2,9058.0,0
2005-05-01,AMTMVS_diff_lag_2,5383.0,0
2005-06-01,AMTMVS_diff_lag_2,-1306.0,0
2005-07-01,AMTMVS_diff_lag_2,181.0,0
2005-08-01,AMTMVS_diff_lag_2,7266.0,0
2005-09-01,AMTMVS_diff_lag_2,15732.0,0
2005-10-01,AMTMVS_diff_lag_2,9149.0,0
2005-11-01,AMTMVS_diff_lag_2,4133.0,0
2005-12-01,AMTMVS_diff_lag_2,8606.0,0
2006-01-01,AMTMVS_diff_lag_2,7763.0,0
2006-02-01,AMTMVS_diff_lag_2,-1074.0,0
2006-03-01,AMTMVS_diff_lag_2,1319.0,0
2006-04-01,AMTMVS_diff_lag_2,-1731.0,0
2006-05-01,AMTMVS_diff_lag_2,5033.0,0
2006-06-01,AMTMVS_diff_lag_2,9273.0,0
2006-07-01,AMTMVS_diff_lag_2,-8007.0,0
2006-08-01,AMTMVS_diff_lag_2,1220.0,0
2006-09-01,AMTMVS_diff_lag_2,-1304.0,0
2006-10-01,AMTMVS_diff_lag_2,-11889.0,0
2006-11-01,AMTMVS_diff_lag_2,2786.0,0
2006-12-01,AMTMVS_diff_lag_2,19101.0,0
2007-01-01,AMTMVS_diff_lag_2,3933.0,0
2007-02-01,AMTMVS_diff_lag_2,-2241.0,0
2007-03-01,AMTMVS_diff_lag_2,14795.0,0
2007-04-01,AMTMVS_diff_lag_2,9089.0,0
2007-05-01,AMTMVS_diff_lag_2,8543.0,0
2007-06-01,AMTMVS_diff_lag_2,5431.0,0
2007-07-01,AMTMVS_diff_lag_2,-1157.0,0
2007-08-01,AMTMVS_diff_lag_2,1763.0,0
2007-09-01,AMTMVS_diff_lag_2,4466.0,0
2007-10-01,AMTMVS_diff_lag_2,8058.0,0
2007-11-01,AMTMVS_diff_lag_2,17348.0,0
2007-12-01,AMTMVS_diff_lag_2,9115.0,0
2008-01-01,AMTMVS_diff_lag_2,4378.0,0
2008-02-01,AMTMVS_diff_lag_2,4964.0,0
2008-03-01,AMTMVS_diff_lag_2,-6677.0,0
2008-04-01,AMTMVS_diff_lag_2,8420.0,0
2008-05-01,AMTMVS_diff_lag_2,14348.0,0
2008-06-01,AMTMVS_diff_lag_2,6948.0,0
2008-07-01,AMTMVS_diff_lag_2,4850.0,0
2008-08-01,AMTMVS_diff_lag_2,-14559.0,0
2008-09-01,AMTMVS_diff_lag_2,-28088.0,0
2008-10-01,AMTMVS_diff_lag_2,-33974.0,0
2008-11-01,AMTMVS_diff_lag_2,-51708.0,0
2008-12-01,AMTMVS_diff_lag_2,-52813.0,0
2009-01-01,AMTMVS_diff_lag_2,-32801.0,0
2009-02-01,AMTMVS_diff_lag_2,-11050.0,0
2009-03-01,AMTMVS_diff_lag_2,-9413.0,0
2009-04-01,AMTMVS_diff_lag_2,-15676.0,0
2009-05-01,AMTMVS_diff_lag_2,-4267.0,0
2009-06-01,AMTMVS_diff_lag_2,7611.0,0
2009-07-01,AMTMVS_diff_lag_2,7889.0,0
2009-08-01,AMTMVS_diff_lag_2,5490.0,0
2009-09-01,AMTMVS_diff_lag_2,11647.0,0
2009-10-01,AMTMVS_diff_lag_2,11621.0,0
2009-11-01,AMTMVS_diff_lag_2,11701.0,0
2009-12-01,AMTMVS_diff_lag_2,12134.0,0
2010-01-01,AMTMVS_diff_lag_2,9932.0,0
2010-02-01,AMTMVS_diff_lag_2,2731.0,0
2010-03-01,AMTMVS_diff_lag_2,5294.0,0
2010-04-01,AMTMVS_diff_lag_2,12311.0,0
2010-05-01,AMTMVS_diff_lag_2,2449.0,0
2010-06-01,AMTMVS_diff_lag_2,-2165.0,0
2010-07-01,AMTMVS_diff_lag_2,4817.0,0
2010-08-01,AMTMVS_diff_lag_2,5901.0,0
2010-09-01,AMTMVS_diff_lag_2,6465.0,0
2010-10-01,AMTMVS_diff_lag_2,9731.0,0
2010-11-01,AMTMVS_diff_lag_2,8484.0,0
2010-12-01,AMTMVS_diff_lag_2,14484.0,0
2011-01-01,AMTMVS_diff_lag_2,19014.0,0
2011-02-01,AMTMVS_diff_lag_2,8652.0,0
2011-03-01,AMTMVS_diff_lag_2,15230.0,0
2011-04-01,AMTMVS_diff_lag_2,14280.0,0
2011-05-01,AMTMVS_diff_lag_2,-2629.0,0
2011-06-01,AMTMVS_diff_lag_2,1303.0,0
2011-07-01,AMTMVS_diff_lag_2,6359.0,0
2011-08-01,AMTMVS_diff_lag_2,3417.0,0
2011-09-01,AMTMVS_diff_lag_2,-367.0,0
2011-10-01,AMTMVS_diff_lag_2,2723.0,0
2011-11-01,AMTMVS_diff_lag_2,5543.0,0
2011-12-01,AMTMVS_diff_lag_2,4145.0,0
2012-01-01,AMTMVS_diff_lag_2,6593.0,0
2012-02-01,AMTMVS_diff_lag_2,8852.0,0
2012-03-01,AMTMVS_diff_lag_2,3247.0,0
2012-04-01,AMTMVS_diff_lag_2,-2614.0,0
2012-05-01,AMTMVS_diff_lag_2,-1932.0,0
2012-06-01,AMTMVS_diff_lag_2,-9085.0,0
2012-07-01,AMTMVS_diff_lag_2,-7406.0,0
2012-08-01,AMTMVS_diff_lag_2,5799.0,0
2012-09-01,AMTMVS_diff_lag_2,9043.0,0
2012-10-01,AMTMVS_diff_lag_2,4794.0,0
2012-11-01,AMTMVS_diff_lag_2,4296.0,0
2012-12-01,AMTMVS_diff_lag_2,3051.0,0
2013-01-01,AMTMVS_diff_lag_2,696.0,0
2013-02-01,AMTMVS_diff_lag_2,10395.0,0
2013-03-01,AMTMVS_diff_lag_2,-691.0,0
2013-04-01,AMTMVS_diff_lag_2,-12537.0,0
2013-05-01,AMTMVS_diff_lag_2,2388.0,0
2013-06-01,AMTMVS_diff_lag_2,3506.0,0
2013-07-01,AMTMVS_diff_lag_2,-2281.0,0
2013-08-01,AMTMVS_diff_lag_2,4961.0,0
2013-09-01,AMTMVS_diff_lag_2,4388.0,0
2013-10-01,AMTMVS_diff_lag_2,1261.0,0
2013-11-01,AMTMVS_diff_lag_2,9482.0,0
2013-12-01,AMTMVS_diff_lag_2,990.0,0
2014-01-01,AMTMVS_diff_lag_2,-8447.0,0
2014-02-01,AMTMVS_diff_lag_2,5709.0,0
2014-03-01,AMTMVS_diff_lag_2,6086.0,0
2014-04-01,AMTMVS_diff_lag_2,-362.0,0
2014-05-01,AMTMVS_diff_lag_2,274.0,0
2014-06-01,AMTMVS_diff_lag_2,1705.0,0
2014-07-01,AMTMVS_diff_lag_2,5713.0,0
2014-08-01,AMTMVS_diff_lag_2,2180.0,0
2014-09-01,AMTMVS_diff_lag_2,-4632.0,0
2014-10-01,AMTMVS_diff_lag_2,-7951.0,0
2014-11-01,AMTMVS_diff_lag_2,-11705.0,0
2014-12-01,AMTMVS_diff_lag_2,-12827.0,0
2015-01-01,AMTMVS_diff_lag_2,-20811.0,0
2015-02-01,AMTMVS_diff_lag_2,-13083.0,0
2015-03-01,AMTMVS_diff_lag_2,6017.0,0
2015-04-01,AMTMVS_diff_lag_2,3139.0,0
2015-05-01,AMTMVS_diff_lag_2,-3646.0,0
2015-06-01,AMTMVS_diff_lag_2,682.0,0
2015-07-01,AMTMVS_diff_lag_2,1850.0,0
2015-08-01,AMTMVS_diff_lag_2,-6314.0,0
2015-09-01,AMTMVS_diff_lag_2,-7644.0,0
2015-10-01,AMTMVS_diff_lag_2,-6459.0,0
2015-11-01,AMTMVS_diff_lag_2,-5342.0,0
2015-12-01,AMTMVS_diff_lag_2,-12252.0,0
2016-01-01,AMTMVS_diff_lag_2,-11591.0,0
2016-02-01,AMTMVS_diff_lag_2,-2235.0,0
2016-03-01,AMTMVS_diff_lag_2,319.0,0
2016-04-01,AMTMVS_diff_lag_2,3033.0,0
2016-05-01,AMTMVS_diff_lag_2,1400.0,0
2016-06-01,AMTMVS_diff_lag_2,4468.0,0
2016-07-01,AMTMVS_diff_lag_2,1718.0,0
2016-08-01,AMTMVS_diff_lag_2,-2458.0,0
2016-09-01,AMTMVS_diff_lag_2,3712.0,0
2016-10-01,AMTMVS_diff_lag_2,3912.0,0
2016-11-01,AMTMVS_diff_lag_2,-211.0,0
2016-12-01,AMTMVS_diff_lag_2,9184.0,0
2017-01-01,AMTMVS_diff_lag_2,10865.0,0
2017-02-01,AMTMVS_diff_lag_2,1668.0,0
2017-03-01,AMTMVS_diff_lag_2,1923.0,0
2017-04-01,AMTMVS_diff_lag_2,-1236.0,0
2017-05-01,AMTMVS_diff_lag_2,645.0,0
2017-06-01,AMTMVS_diff_lag_2,3151.0,0
2017-07-01,AMTMVS_diff_lag_2,447.0,0
2017-08-01,AMTMVS_diff_lag_2,4770.0,0
2017-09-01,AMTMVS_diff_lag_2,7251.0,0
2017-10-01,AMTMVS_diff_lag_2,7809.0,0
2017-11-01,AMTMVS_diff_lag_2,13984.0,0
2017-12-01,AMTMVS_diff_lag_2,7941.0,0
2018-01-01,AMTMVS_diff_lag_2,2435.0,0
2018-02-01,AMTMVS_diff_lag_2,4737.0,0
2018-03-01,AMTMVS_diff_lag_2,3894.0,0
2018-04-01,AMTMVS_diff_lag_2,3001.0,0
2018-05-01,AMTMVS_diff_lag_2,4664.0,0
2018-06-01,AMTMVS_diff_lag_2,9113.0,0
2018-07-01,AMTMVS_diff_lag_2,5015.0,0
2018-08-01,AMTMVS_diff_lag_2,3960.0,0
2018-09-01,AMTMVS_diff_lag_2,6825.0,0
2018-10-01,AMTMVS_diff_lag_2,4755.0,0
2018-11-01,AMTMVS_diff_lag_2,-2101.0,0
2018-12-01,AMTMVS_diff_lag_2,-6994.0,0
2019-01-01,AMTMVS_diff_lag_2,-1563.0,0
2019-02-01,AMTMVS_diff_lag_2,4344.0,0
2019-03-01,AMTMVS_diff_lag_2,3589.0,0
2019-04-01,AMTMVS_diff_lag_2,-3067.0,0
2019-05-01,AMTMVS_diff_lag_2,-3155.0,0
2019-06-01,AMTMVS_diff_lag_2,1467.0,0
2019-07-01,AMTMVS_diff_lag_2,-544.0,0
2019-08-01,AMTMVS_diff_lag_2,-2514.0,0
2019-09-01,AMTMVS_diff_lag_2,-2651.0,0
2019-10-01,AMTMVS_diff_lag_2,-1610.0,0
2019-11-01,AMTMVS_diff_lag_2,274.0,0
2019-12-01,AMTMVS_diff_lag_2,2234.0,0
2020-01-01,AMTMVS_diff_lag_2,187.0,0
2020-02-01,AMTMVS_diff_lag_2,-3802.0,0
2020-03-01,AMTMVS_diff_lag_2,-29211.0,0
2020-04-01,AMTMVS_diff_lag_2,-93000.0,0
2020-05-01,AMTMVS_diff_lag_2,-53810.0,0
2020-06-01,AMTMVS_diff_lag_2,53731.0,0
2020-07-01,AMTMVS_diff_lag_2,63316.0,0
2020-08-01,AMTMVS_diff_lag_2,22941.0,0
2000-01-01,DAUTOSA_diff_lag_2,32.099976,0
2000-02-01,DAUTOSA_diff_lag_2,31.5,0
2000-03-01,DAUTOSA_diff_lag_2,-23.5,0
2000-04-01,DAUTOSA_diff_lag_2,-52.399963,0
2000-05-01,DAUTOSA_diff_lag_2,-13.199951,0
2000-06-01,DAUTOSA_diff_lag_2,-12.700012,0
2000-07-01,DAUTOSA_diff_lag_2,-22.300049,0
2000-08-01,DAUTOSA_diff_lag_2,-5.4000244,0
2000-09-01,DAUTOSA_diff_lag_2,24.800049,0
2000-10-01,DAUTOSA_diff_lag_2,-10.799988,0
2000-11-01,DAUTOSA_diff_lag_2,-47.700012,0
2000-12-01,DAUTOSA_diff_lag_2,-46.899994,0
2001-01-01,DAUTOSA_diff_lag_2,30.299988,0
2001-02-01,DAUTOSA_diff_lag_2,75.99997,0
2001-03-01,DAUTOSA_diff_lag_2,-31.700012,0
2001-04-01,DAUTOSA_diff_lag_2,-57.19995,0
2001-05-01,DAUTOSA_diff_lag_2,-1.0999756,0
2001-06-01,DAUTOSA_diff_lag_2,5.799988,0
2001-07-01,DAUTOSA_diff_lag_2,-36.30002,0
2001-08-01,DAUTOSA_diff_lag_2,-49.600006,0
2001-09-01,DAUTOSA_diff_lag_2,-3.6999817,0
2001-10-01,DAUTOSA_diff_lag_2,186.80002,0
2001-11-01,DAUTOSA_diff_lag_2,27.899994,0
2001-12-01,DAUTOSA_diff_lag_2,-228.00003,0
2002-01-01,DAUTOSA_diff_lag_2,-63.200012,0
2002-02-01,DAUTOSA_diff_lag_2,47.30002,0
2002-03-01,DAUTOSA_diff_lag_2,37.30002,0
2002-04-01,DAUTOSA_diff_lag_2,38.0,0
2002-05-01,DAUTOSA_diff_lag_2,-10.100006,0
2002-06-01,DAUTOSA_diff_lag_2,-29.0,0
2002-07-01,DAUTOSA_diff_lag_2,49.19998,0
2002-08-01,DAUTOSA_diff_lag_2,38.200012,0
2002-09-01,DAUTOSA_diff_lag_2,-56.399994,0
2002-10-01,DAUTOSA_diff_lag_2,-65.900024,0
2002-11-01,DAUTOSA_diff_lag_2,-0.7999878,0
2002-12-01,DAUTOSA_diff_lag_2,26.0,0
2003-01-01,DAUTOSA_diff_lag_2,13.899994,0
2003-02-01,DAUTOSA_diff_lag_2,-46.200012,0
2003-03-01,DAUTOSA_diff_lag_2,-28.299988,0
2003-04-01,DAUTOSA_diff_lag_2,7.5,0
2003-05-01,DAUTOSA_diff_lag_2,-12.400024,0
2003-06-01,DAUTOSA_diff_lag_2,19.300018,0
2003-07-01,DAUTOSA_diff_lag_2,19.5,0
2003-08-01,DAUTOSA_diff_lag_2,8.799988,0
2003-09-01,DAUTOSA_diff_lag_2,-2.399994,0
2003-10-01,DAUTOSA_diff_lag_2,-38.0,0
2003-11-01,DAUTOSA_diff_lag_2,10.700012,0
2003-12-01,DAUTOSA_diff_lag_2,15.300018,0
2004-01-01,DAUTOSA_diff_lag_2,-38.200012,0
2004-02-01,DAUTOSA_diff_lag_2,0.3999939,0
2004-03-01,DAUTOSA_diff_lag_2,32.700012,0
2004-04-01,DAUTOSA_diff_lag_2,-24.600006,0
2004-05-01,DAUTOSA_diff_lag_2,7.6999817,0
2004-06-01,DAUTOSA_diff_lag_2,-1.1000061,0
2004-07-01,DAUTOSA_diff_lag_2,-20.799988,0
2004-08-01,DAUTOSA_diff_lag_2,6.3000183,0
2004-09-01,DAUTOSA_diff_lag_2,-10.5,0
2004-10-01,DAUTOSA_diff_lag_2,-3.4000244,0
2004-11-01,DAUTOSA_diff_lag_2,-0.3999939,0
2004-12-01,DAUTOSA_diff_lag_2,46.200012,0
2005-01-01,DAUTOSA_diff_lag_2,8.299988,0
2005-02-01,DAUTOSA_diff_lag_2,-29.700012,0
2005-03-01,DAUTOSA_diff_lag_2,18.100006,0
2005-04-01,DAUTOSA_diff_lag_2,27.5,0
2005-05-01,DAUTOSA_diff_lag_2,-18.100006,0
2005-06-01,DAUTOSA_diff_lag_2,-31.5,0
2005-07-01,DAUTOSA_diff_lag_2,35.399994,0
2005-08-01,DAUTOSA_diff_lag_2,23.200012,0
2005-09-01,DAUTOSA_diff_lag_2,-8.699982,0
2005-10-01,DAUTOSA_diff_lag_2,-32.600006,0
2005-11-01,DAUTOSA_diff_lag_2,-14.700012,0
2005-12-01,DAUTOSA_diff_lag_2,9.200012,0
2006-01-01,DAUTOSA_diff_lag_2,80.00003,0
2006-02-01,DAUTOSA_diff_lag_2,18.600006,0
2006-03-01,DAUTOSA_diff_lag_2,-94.80002,0
2006-04-01,DAUTOSA_diff_lag_2,5.5999756,0
2006-05-01,DAUTOSA_diff_lag_2,-4.899994,0
2006-06-01,DAUTOSA_diff_lag_2,-29.099976,0
2006-07-01,DAUTOSA_diff_lag_2,24.699982,0
2006-08-01,DAUTOSA_diff_lag_2,3.0,0
2006-09-01,DAUTOSA_diff_lag_2,-23.399994,0
2006-10-01,DAUTOSA_diff_lag_2,-13.100006,0
2006-11-01,DAUTOSA_diff_lag_2,-21.5,0
2006-12-01,DAUTOSA_diff_lag_2,15.5,0
2007-01-01,DAUTOSA_diff_lag_2,21.0,0
2007-02-01,DAUTOSA_diff_lag_2,-8.800018,0
2007-03-01,DAUTOSA_diff_lag_2,-16.799988,0
2007-04-01,DAUTOSA_diff_lag_2,-10.199982,0
2007-05-01,DAUTOSA_diff_lag_2,28.899994,0
2007-06-01,DAUTOSA_diff_lag_2,10.899994,0
2007-07-01,DAUTOSA_diff_lag_2,-38.399994,0
2007-08-01,DAUTOSA_diff_lag_2,-9.700012,0
2007-09-01,DAUTOSA_diff_lag_2,18.099976,0
2007-10-01,DAUTOSA_diff_lag_2,4.8000183,0
2007-11-01,DAUTOSA_diff_lag_2,27.700012,0
2007-12-01,DAUTOSA_diff_lag_2,4.100006,0
2008-01-01,DAUTOSA_diff_lag_2,-29.399994,0
2008-02-01,DAUTOSA_diff_lag_2,-24.600006,0
2008-03-01,DAUTOSA_diff_lag_2,-33.80002,0
2008-04-01,DAUTOSA_diff_lag_2,-18.700012,0
2008-05-01,DAUTOSA_diff_lag_2,32.200012,0
2008-06-01,DAUTOSA_diff_lag_2,19.600006,0
2008-07-01,DAUTOSA_diff_lag_2,-53.899994,0
2008-08-01,DAUTOSA_diff_lag_2,-26.700012,0
2008-09-01,DAUTOSA_diff_lag_2,-3.600006,0
2008-10-01,DAUTOSA_diff_lag_2,-62.099976,0
2008-11-01,DAUTOSA_diff_lag_2,-87.0,0
2008-12-01,DAUTOSA_diff_lag_2,-25.800018,0
2009-01-01,DAUTOSA_diff_lag_2,-41.800003,0
2009-02-01,DAUTOSA_diff_lag_2,-64.7,0
2009-03-01,DAUTOSA_diff_lag_2,11.199997,0
2009-04-01,DAUTOSA_diff_lag_2,21.0,0
2009-05-01,DAUTOSA_diff_lag_2,15.0,0
2009-06-01,DAUTOSA_diff_lag_2,27.59999,0
2009-07-01,DAUTOSA_diff_lag_2,77.80002,0
2009-08-01,DAUTOSA_diff_lag_2,173.20001,0
2009-09-01,DAUTOSA_diff_lag_2,-69.0,0
2009-10-01,DAUTOSA_diff_lag_2,-148.79999,0
2009-11-01,DAUTOSA_diff_lag_2,39.799988,0
2009-12-01,DAUTOSA_diff_lag_2,35.399994,0
2010-01-01,DAUTOSA_diff_lag_2,-14.600006,0
2010-02-01,DAUTOSA_diff_lag_2,-52.399994,0
2010-03-01,DAUTOSA_diff_lag_2,27.100006,0
2010-04-01,DAUTOSA_diff_lag_2,31.299988,0
2010-05-01,DAUTOSA_diff_lag_2,0.2000122,0
2010-06-01,DAUTOSA_diff_lag_2,-1.2999878,0
2010-07-01,DAUTOSA_diff_lag_2,-8.400024,0
2010-08-01,DAUTOSA_diff_lag_2,-2.0,0
2010-09-01,DAUTOSA_diff_lag_2,-3.899994,0
2010-10-01,DAUTOSA_diff_lag_2,-1.7000122,0
2010-11-01,DAUTOSA_diff_lag_2,-3.899994,0
2010-12-01,DAUTOSA_diff_lag_2,18.600006,0
2011-01-01,DAUTOSA_diff_lag_2,13.0660095,0
2011-02-01,DAUTOSA_diff_lag_2,22.855988,0
2011-03-01,DAUTOSA_diff_lag_2,44.755005,0
2011-04-01,DAUTOSA_diff_lag_2,11.182007,0
2011-05-01,DAUTOSA_diff_lag_2,-45.72702,0
2011-06-01,DAUTOSA_diff_lag_2,-48.57901,0
2011-07-01,DAUTOSA_diff_lag_2,1.4210205,0
2011-08-01,DAUTOSA_diff_lag_2,12.207001,0
2011-09-01,DAUTOSA_diff_lag_2,17.929993,0
2011-10-01,DAUTOSA_diff_lag_2,38.364014,0
2011-11-01,DAUTOSA_diff_lag_2,16.945984,0
2011-12-01,DAUTOSA_diff_lag_2,-9.821014,0
2012-01-01,DAUTOSA_diff_lag_2,49.045013,0
2012-02-01,DAUTOSA_diff_lag_2,86.06302,0
2012-03-01,DAUTOSA_diff_lag_2,20.376007,0
2012-04-01,DAUTOSA_diff_lag_2,-16.979004,0
2012-05-01,DAUTOSA_diff_lag_2,-15.306,0
2012-06-01,DAUTOSA_diff_lag_2,-17.972015,0
2012-07-01,DAUTOSA_diff_lag_2,-7.007019,0
2012-08-01,DAUTOSA_diff_lag_2,11.304016,0
2012-09-01,DAUTOSA_diff_lag_2,26.425995,0
2012-10-01,DAUTOSA_diff_lag_2,5.949005,0
2012-11-01,DAUTOSA_diff_lag_2,9.549011,0
2012-12-01,DAUTOSA_diff_lag_2,23.563995,0
2013-01-01,DAUTOSA_diff_lag_2,29.18399,0
2013-02-01,DAUTOSA_diff_lag_2,15.716003,0
2013-03-01,DAUTOSA_diff_lag_2,-17.325989,0
2013-04-01,DAUTOSA_diff_lag_2,-10.861023,0
2013-05-01,DAUTOSA_diff_lag_2,-8.786011,0
2013-06-01,DAUTOSA_diff_lag_2,4.8890076,0
2013-07-01,DAUTOSA_diff_lag_2,7.7430115,0
2013-08-01,DAUTOSA_diff_lag_2,-15.716003,0
2013-09-01,DAUTOSA_diff_lag_2,-4.8359985,0
2013-10-01,DAUTOSA_diff_lag_2,-2.9079895,0
2013-11-01,DAUTOSA_diff_lag_2,-2.4460144,0
2013-12-01,DAUTOSA_diff_lag_2,-3.1390076,0
2014-01-01,DAUTOSA_diff_lag_2,-20.283997,0
2014-02-01,DAUTOSA_diff_lag_2,-8.959991,0
2014-03-01,DAUTOSA_diff_lag_2,29.891022,0
2014-04-01,DAUTOSA_diff_lag_2,22.363007,0
2014-05-01,DAUTOSA_diff_lag_2,9.129974,0
2014-06-01,DAUTOSA_diff_lag_2,44.630005,0
2014-07-01,DAUTOSA_diff_lag_2,11.003021,0
2014-08-01,DAUTOSA_diff_lag_2,0.690979,0
2014-09-01,DAUTOSA_diff_lag_2,-6.901001,0
2014-10-01,DAUTOSA_diff_lag_2,-19.97998,0
2014-11-01,DAUTOSA_diff_lag_2,6.815979,0
2014-12-01,DAUTOSA_diff_lag_2,6.539978,0
2015-01-01,DAUTOSA_diff_lag_2,-22.473999,0
2015-02-01,DAUTOSA_diff_lag_2,-43.14499,0
2015-03-01,DAUTOSA_diff_lag_2,15.671997,0
2015-04-01,DAUTOSA_diff_lag_2,22.274994,0
2015-05-01,DAUTOSA_diff_lag_2,10.939026,0
2015-06-01,DAUTOSA_diff_lag_2,12.610016,0
2015-07-01,DAUTOSA_diff_lag_2,2.539978,0
2015-08-01,DAUTOSA_diff_lag_2,6.174988,0
2015-09-01,DAUTOSA_diff_lag_2,-16.875,0
2015-10-01,DAUTOSA_diff_lag_2,-7.42099,0
2015-11-01,DAUTOSA_diff_lag_2,-7.8289795,0
2015-12-01,DAUTOSA_diff_lag_2,-28.807007,0
2016-01-01,DAUTOSA_diff_lag_2,-6.3890076,0
2016-02-01,DAUTOSA_diff_lag_2,3.248993,0
2016-03-01,DAUTOSA_diff_lag_2,-26.602997,0
2016-04-01,DAUTOSA_diff_lag_2,-27.608002,0
2016-05-01,DAUTOSA_diff_lag_2,-0.08300781,0
2016-06-01,DAUTOSA_diff_lag_2,2.955017,0
2016-07-01,DAUTOSA_diff_lag_2,4.549988,0
2016-08-01,DAUTOSA_diff_lag_2,2.7269897,0
2016-09-01,DAUTOSA_diff_lag_2,3.4710083,0
2016-10-01,DAUTOSA_diff_lag_2,-10.359009,0
2016-11-01,DAUTOSA_diff_lag_2,-18.087982,0
2016-12-01,DAUTOSA_diff_lag_2,8.065002,0
2017-01-01,DAUTOSA_diff_lag_2,-30.781006,0
2017-02-01,DAUTOSA_diff_lag_2,-34.854004,0
2017-03-01,DAUTOSA_diff_lag_2,-2.902008,0
2017-04-01,DAUTOSA_diff_lag_2,8.326019,0
2017-05-01,DAUTOSA_diff_lag_2,2.9769897,0
2017-06-01,DAUTOSA_diff_lag_2,-23.302002,0
2017-07-01,DAUTOSA_diff_lag_2,-7.5079956,0
2017-08-01,DAUTOSA_diff_lag_2,2.0579834,0
2017-09-01,DAUTOSA_diff_lag_2,24.053009,0
2017-10-01,DAUTOSA_diff_lag_2,17.975006,0
2017-11-01,DAUTOSA_diff_lag_2,-27.182007,0
2017-12-01,DAUTOSA_diff_lag_2,-40.842987,0
2018-01-01,DAUTOSA_diff_lag_2,-30.255981,0
2018-02-01,DAUTOSA_diff_lag_2,-3.6530151,0
2018-03-01,DAUTOSA_diff_lag_2,-2.0820007,0
2018-04-01,DAUTOSA_diff_lag_2,-8.299988,0
2018-05-01,DAUTOSA_diff_lag_2,-1.4300232,0
2018-06-01,DAUTOSA_diff_lag_2,-5.2180176,0
2018-07-01,DAUTOSA_diff_lag_2,-4.044983,0
2018-08-01,DAUTOSA_diff_lag_2,-9.634979,0
2018-09-01,DAUTOSA_diff_lag_2,-5.1159973,0
2018-10-01,DAUTOSA_diff_lag_2,39.135986,0
2018-11-01,DAUTOSA_diff_lag_2,5.1940002,0
2018-12-01,DAUTOSA_diff_lag_2,-32.722992,0
2019-01-01,DAUTOSA_diff_lag_2,1.0440063,0
2019-02-01,DAUTOSA_diff_lag_2,-29.26001,0
2019-03-01,DAUTOSA_diff_lag_2,-21.875,0
2019-04-01,DAUTOSA_diff_lag_2,-2.9490051,0
2019-05-01,DAUTOSA_diff_lag_2,-20.890015,0
2019-06-01,DAUTOSA_diff_lag_2,-3.0599976,0
2019-07-01,DAUTOSA_diff_lag_2,-10.628998,0
2019-08-01,DAUTOSA_diff_lag_2,-13.889984,0
2019-09-01,DAUTOSA_diff_lag_2,3.7839966,0
2019-10-01,DAUTOSA_diff_lag_2,-9.859009,0
2019-11-01,DAUTOSA_diff_lag_2,-12.781006,0
2019-12-01,DAUTOSA_diff_lag_2,11.022003,0
2020-01-01,DAUTOSA_diff_lag_2,-0.85098267,0
2020-02-01,DAUTOSA_diff_lag_2,-16.677002,0
2020-03-01,DAUTOSA_diff_lag_2,-85.503006,0
2020-04-01,DAUTOSA_diff_lag_2,-143.338,0
2020-05-01,DAUTOSA_diff_lag_2,-32.805008,0
2020-06-01,DAUTOSA_diff_lag_2,47.397003,0
2020-07-01,DAUTOSA_diff_lag_2,64.595,0
2020-08-01,DAUTOSA_diff_lag_2,56.526,0
2000-01-01,DDURRAM1M225NBEA,2.2,0
2000-02-01,DDURRAM1M225NBEA,2.7,0
2000-03-01,DDURRAM1M225NBEA,-1.0,0
2000-04-01,DDURRAM1M225NBEA,-2.3,0
2000-05-01,DDURRAM1M225NBEA,0.7,0
2000-06-01,DDURRAM1M225NBEA,-0.7,0
2000-07-01,DDURRAM1M225NBEA,0.1,0
2000-08-01,DDURRAM1M225NBEA,1.4,0
2000-09-01,DDURRAM1M225NBEA,2.6,0
2000-10-01,DDURRAM1M225NBEA,-1.0,0
2000-11-01,DDURRAM1M225NBEA,-0.8,0
2000-12-01,DDURRAM1M225NBEA,0.1,0
2001-01-01,DDURRAM1M225NBEA,0.4,0
2001-02-01,DDURRAM1M225NBEA,2.8,0
2001-03-01,DDURRAM1M225NBEA,-1.2,0
2001-04-01,DDURRAM1M225NBEA,-1.7,0
2001-05-01,DDURRAM1M225NBEA,1.2,0
2001-06-01,DDURRAM1M225NBEA,1.9,0
2001-07-01,DDURRAM1M225NBEA,-1.0,0
2001-08-01,DDURRAM1M225NBEA,2.4,0
2001-09-01,DDURRAM1M225NBEA,-3.2,0
2001-10-01,DDURRAM1M225NBEA,14.0,0
2001-11-01,DDURRAM1M225NBEA,-3.5,0
2001-12-01,DDURRAM1M225NBEA,-4.0,0
2002-01-01,DDURRAM1M225NBEA,1.9,0
2002-02-01,DDURRAM1M225NBEA,1.9,0
2002-03-01,DDURRAM1M225NBEA,-0.7,0
2002-04-01,DDURRAM1M225NBEA,2.8,0
2002-05-01,DDURRAM1M225NBEA,-3.8,0
2002-06-01,DDURRAM1M225NBEA,0.8,0
2002-07-01,DDURRAM1M225NBEA,3.6,0
2002-08-01,DDURRAM1M225NBEA,2.0,0
2002-09-01,DDURRAM1M225NBEA,-3.4,0
2002-10-01,DDURRAM1M225NBEA,-1.3,0
2002-11-01,DDURRAM1M225NBEA,1.3,0
2002-12-01,DDURRAM1M225NBEA,3.6,0
2003-01-01,DDURRAM1M225NBEA,-2.1,0
2003-02-01,DDURRAM1M225NBEA,-2.4,0
2003-03-01,DDURRAM1M225NBEA,3.2,0
2003-04-01,DDURRAM1M225NBEA,2.2,0
2003-05-01,DDURRAM1M225NBEA,0.8,0
2003-06-01,DDURRAM1M225NBEA,1.2,0
2003-07-01,DDURRAM1M225NBEA,1.2,0
2003-08-01,DDURRAM1M225NBEA,3.8,0
2003-09-01,DDURRAM1M225NBEA,-1.5,0
2003-10-01,DDURRAM1M225NBEA,-0.1,0
2003-11-01,DDURRAM1M225NBEA,1.9,0
2003-12-01,DDURRAM1M225NBEA,0.0,0
2004-01-01,DDURRAM1M225NBEA,-0.4,0
2004-02-01,DDURRAM1M225NBEA,1.6,0
2004-03-01,DDURRAM1M225NBEA,1.4,0
2004-04-01,DDURRAM1M225NBEA,-1.6,0
2004-05-01,DDURRAM1M225NBEA,2.9,0
2004-06-01,DDURRAM1M225NBEA,-4.3,0
2004-07-01,DDURRAM1M225NBEA,3.5,0
2004-08-01,DDURRAM1M225NBEA,0.7,0
2004-09-01,DDURRAM1M225NBEA,1.9,0
2004-10-01,DDURRAM1M225NBEA,-0.3,0
2004-11-01,DDURRAM1M225NBEA,0.1,0
2004-12-01,DDURRAM1M225NBEA,2.0,0
2005-01-01,DDURRAM1M225NBEA,-2.2,0
2005-02-01,DDURRAM1M225NBEA,1.7,0
2005-03-01,DDURRAM1M225NBEA,0.7,0
2005-04-01,DDURRAM1M225NBEA,2.1,0
2005-05-01,DDURRAM1M225NBEA,-2.5,0
2005-06-01,DDURRAM1M225NBEA,3.8,0
2005-07-01,DDURRAM1M225NBEA,4.5,0
2005-08-01,DDURRAM1M225NBEA,-4.9,0
2005-09-01,DDURRAM1M225NBEA,-2.3,0
2005-10-01,DDURRAM1M225NBEA,-1.2,0
2005-11-01,DDURRAM1M225NBEA,1.6,0
2005-12-01,DDURRAM1M225NBEA,1.1,0
2006-01-01,DDURRAM1M225NBEA,3.6,0
2006-02-01,DDURRAM1M225NBEA,-1.9,0
2006-03-01,DDURRAM1M225NBEA,1.0,0
2006-04-01,DDURRAM1M225NBEA,0.0,0
2006-05-01,DDURRAM1M225NBEA,-0.2,0
2006-06-01,DDURRAM1M225NBEA,0.6,0
2006-07-01,DDURRAM1M225NBEA,1.7,0
2006-08-01,DDURRAM1M225NBEA,-1.9,0
2006-09-01,DDURRAM1M225NBEA,2.3,0
2006-10-01,DDURRAM1M225NBEA,0.2,0
2006-11-01,DDURRAM1M225NBEA,-0.1,0
2006-12-01,DDURRAM1M225NBEA,1.2,0
2007-01-01,DDURRAM1M225NBEA,0.8,0
2007-02-01,DDURRAM1M225NBEA,-0.7,0
2007-03-01,DDURRAM1M225NBEA,0.6,0
2007-04-01,DDURRAM1M225NBEA,0.5,0
2007-05-01,DDURRAM1M225NBEA,1.5,0
2007-06-01,DDURRAM1M225NBEA,-1.6,0
2007-07-01,DDURRAM1M225NBEA,0.5,0
2007-08-01,DDURRAM1M225NBEA,1.5,0
2007-09-01,DDURRAM1M225NBEA,1.0,0
2007-10-01,DDURRAM1M225NBEA,0.5,0
2007-11-01,DDURRAM1M225NBEA,-0.8,0
2007-12-01,DDURRAM1M225NBEA,-1.2,0
2008-01-01,DDURRAM1M225NBEA,-1.0,0
2008-02-01,DDURRAM1M225NBEA,-1.6,0
2008-03-01,DDURRAM1M225NBEA,-0.4,0
2008-04-01,DDURRAM1M225NBEA,0.0,0
2008-05-01,DDURRAM1M225NBEA,0.6,0
2008-06-01,DDURRAM1M225NBEA,-1.1,0
2008-07-01,DDURRAM1M225NBEA,-2.7,0
2008-08-01,DDURRAM1M225NBEA,1.5,0
2008-09-01,DDURRAM1M225NBEA,-3.4,0
2008-10-01,DDURRAM1M225NBEA,-4.3,0
2008-11-01,DDURRAM1M225NBEA,-2.0,0
2008-12-01,DDURRAM1M225NBEA,-0.4,0
2009-01-01,DDURRAM1M225NBEA,2.9,0
2009-02-01,DDURRAM1M225NBEA,-1.7,0
2009-03-01,DDURRAM1M225NBEA,-1.9,0
2009-04-01,DDURRAM1M225NBEA,-0.6,0
2009-05-01,DDURRAM1M225NBEA,2.2,0
2009-06-01,DDURRAM1M225NBEA,0.8,0
2009-07-01,DDURRAM1M225NBEA,1.9,0
2009-08-01,DDURRAM1M225NBEA,7.1,0
2009-09-01,DDURRAM1M225NBEA,-8.8,0
2009-10-01,DDURRAM1M225NBEA,0.5,0
2009-11-01,DDURRAM1M225NBEA,1.3,0
2009-12-01,DDURRAM1M225NBEA,0.6,0
2010-01-01,DDURRAM1M225NBEA,-1.4,0
2010-02-01,DDURRAM1M225NBEA,0.3,0
2010-03-01,DDURRAM1M225NBEA,4.8,0
2010-04-01,DDURRAM1M225NBEA,-0.2,0
2010-05-01,DDURRAM1M225NBEA,-0.1,0
2010-06-01,DDURRAM1M225NBEA,0.6,0
2010-07-01,DDURRAM1M225NBEA,0.8,0
2010-08-01,DDURRAM1M225NBEA,0.5,0
2010-09-01,DDURRAM1M225NBEA,0.3,0
2010-10-01,DDURRAM1M225NBEA,2.3,0
2010-11-01,DDURRAM1M225NBEA,-0.1,0
2010-12-01,DDURRAM1M225NBEA,0.4,0
2011-01-01,DDURRAM1M225NBEA,0.4,0
2011-02-01,DDURRAM1M225NBEA,-0.2,0
2011-03-01,DDURRAM1M225NBEA,1.2,0
2011-04-01,DDURRAM1M225NBEA,-0.6,0
2011-05-01,DDURRAM1M225NBEA,-1.0,0
2011-06-01,DDURRAM1M225NBEA,-0.6,0
2011-07-01,DDURRAM1M225NBEA,0.9,0
2011-08-01,DDURRAM1M225NBEA,0.1,0
2011-09-01,DDURRAM1M225NBEA,1.9,0
2011-10-01,DDURRAM1M225NBEA,1.2,0
2011-11-01,DDURRAM1M225NBEA,-0.5,0
2011-12-01,DDURRAM1M225NBEA,0.7,0
2012-01-01,DDURRAM1M225NBEA,1.3,0
2012-02-01,DDURRAM1M225NBEA,1.5,0
2012-03-01,DDURRAM1M225NBEA,-0.5,0
2012-04-01,DDURRAM1M225NBEA,0.2,0
2012-05-01,DDURRAM1M225NBEA,-0.3,0
2012-06-01,DDURRAM1M225NBEA,0.0,0
2012-07-01,DDURRAM1M225NBEA,0.6,0
2012-08-01,DDURRAM1M225NBEA,0.5,0
2012-09-01,DDURRAM1M225NBEA,1.4,0
2012-10-01,DDURRAM1M225NBEA,-0.8,0
2012-11-01,DDURRAM1M225NBEA,2.5,0
2012-12-01,DDURRAM1M225NBEA,1.0,0
2013-01-01,DDURRAM1M225NBEA,1.2,0
2013-02-01,DDURRAM1M225NBEA,0.2,0
2013-03-01,DDURRAM1M225NBEA,-0.7,0
2013-04-01,DDURRAM1M225NBEA,0.5,0
2013-05-01,DDURRAM1M225NBEA,0.5,0
2013-06-01,DDURRAM1M225NBEA,0.0,0
2013-07-01,DDURRAM1M225NBEA,0.6,0
2013-08-01,DDURRAM1M225NBEA,0.1,0
2013-09-01,DDURRAM1M225NBEA,0.1,0
2013-10-01,DDURRAM1M225NBEA,0.4,0
2013-11-01,DDURRAM1M225NBEA,1.0,0
2013-12-01,DDURRAM1M225NBEA,-0.6,0
2014-01-01,DDURRAM1M225NBEA,-1.1,0
2014-02-01,DDURRAM1M225NBEA,2.9,0
2014-03-01,DDURRAM1M225NBEA,2.5,0
2014-04-01,DDURRAM1M225NBEA,-0.1,0
2014-05-01,DDURRAM1M225NBEA,1.1,0
2014-06-01,DDURRAM1M225NBEA,1.0,0
2014-07-01,DDURRAM1M225NBEA,0.0,0
2014-08-01,DDURRAM1M225NBEA,1.0,0
2014-09-01,DDURRAM1M225NBEA,0.4,0
2014-10-01,DDURRAM1M225NBEA,0.4,0
2014-11-01,DDURRAM1M225NBEA,1.2,0
2014-12-01,DDURRAM1M225NBEA,0.5,0
2015-01-01,DDURRAM1M225NBEA,0.3,0
2015-02-01,DDURRAM1M225NBEA,0.1,0
2015-03-01,DDURRAM1M225NBEA,2.1,0
2015-04-01,DDURRAM1M225NBEA,0.4,0
2015-05-01,DDURRAM1M225NBEA,0.4,0
2015-06-01,DDURRAM1M225NBEA,0.1,0
2015-07-01,DDURRAM1M225NBEA,0.8,0
2015-08-01,DDURRAM1M225NBEA,0.9,0
2015-09-01,DDURRAM1M225NBEA,-0.5,0
2015-10-01,DDURRAM1M225NBEA,-0.4,0
2015-11-01,DDURRAM1M225NBEA,1.4,0
2015-12-01,DDURRAM1M225NBEA,0.3,0
2016-01-01,DDURRAM1M225NBEA,-0.3,0
2016-02-01,DDURRAM1M225NBEA,1.8,0
2016-03-01,DDURRAM1M225NBEA,-0.6,0
2016-04-01,DDURRAM1M225NBEA,0.1,0
2016-05-01,DDURRAM1M225NBEA,0.7,0
2016-06-01,DDURRAM1M225NBEA,1.9,0
2016-07-01,DDURRAM1M225NBEA,0.7,0
2016-08-01,DDURRAM1M225NBEA,0.2,0
2016-09-01,DDURRAM1M225NBEA,0.9,0
2016-10-01,DDURRAM1M225NBEA,0.4,0
2016-11-01,DDURRAM1M225NBEA,-0.7,0
2016-12-01,DDURRAM1M225NBEA,2.6,0
2017-01-01,DDURRAM1M225NBEA,-0.8,0
2017-02-01,DDURRAM1M225NBEA,0.2,0
2017-03-01,DDURRAM1M225NBEA,0.3,0
2017-04-01,DDURRAM1M225NBEA,0.8,0
2017-05-01,DDURRAM1M225NBEA,0.2,0
2017-06-01,DDURRAM1M225NBEA,1.0,0
2017-07-01,DDURRAM1M225NBEA,0.7,0
2017-08-01,DDURRAM1M225NBEA,-0.2,0
2017-09-01,DDURRAM1M225NBEA,2.5,0
2017-10-01,DDURRAM1M225NBEA,0.4,0
2017-11-01,DDURRAM1M225NBEA,1.4,0
2017-12-01,DDURRAM1M225NBEA,0.7,0
2018-01-01,DDURRAM1M225NBEA,-0.5,0
2018-02-01,DDURRAM1M225NBEA,0.5,0
2018-03-01,DDURRAM1M225NBEA,0.6,0
2018-04-01,DDURRAM1M225NBEA,0.6,0
2018-05-01,DDURRAM1M225NBEA,1.0,0
2018-06-01,DDURRAM1M225NBEA,-0.3,0
2018-07-01,DDURRAM1M225NBEA,0.2,0
2018-08-01,DDURRAM1M225NBEA,0.7,0
2018-09-01,DDURRAM1M225NBEA,-0.2,0
2018-10-01,DDURRAM1M225NBEA,0.7,0
2018-11-01,DDURRAM1M225NBEA,1.6,0
2018-12-01,DDURRAM1M225NBEA,-3.8,0
2019-01-01,DDURRAM1M225NBEA,1.6,0
2019-02-01,DDURRAM1M225NBEA,-0.5,0
2019-03-01,DDURRAM1M225NBEA,3.0,0
2019-04-01,DDURRAM1M225NBEA,0.4,0
2019-05-01,DDURRAM1M225NBEA,1.2,0
2019-06-01,DDURRAM1M225NBEA,0.1,0
2019-07-01,DDURRAM1M225NBEA,0.5,0
2019-08-01,DDURRAM1M225NBEA,0.5,0
2019-09-01,DDURRAM1M225NBEA,0.6,0
2019-10-01,DDURRAM1M225NBEA,-0.4,0
2019-11-01,DDURRAM1M225NBEA,0.7,0
2019-12-01,DDURRAM1M225NBEA,0.4,0
2020-01-01,DDURRAM1M225NBEA,0.8,0
2020-02-01,DDURRAM1M225NBEA,-1.2,0
2020-03-01,DDURRAM1M225NBEA,-11.4,0
2020-04-01,DDURRAM1M225NBEA,-11.2,0
2020-05-01,DDURRAM1M225NBEA,28.3,0
2020-06-01,DDURRAM1M225NBEA,7.9,0
2020-07-01,DDURRAM1M225NBEA,1.6,0
2020-08-01,DDURRAM1M225NBEA,0.1,0
2000-01-01,DLTRUCKSSAAR_diff_lag_1,0.020999908,0
2000-02-01,DLTRUCKSSAAR_diff_lag_1,0.48199987,0
2000-03-01,DLTRUCKSSAAR_diff_lag_1,-0.40600014,0
2000-04-01,DLTRUCKSSAAR_diff_lag_1,-0.35699987,0
2000-05-01,DLTRUCKSSAAR_diff_lag_1,0.046000004,0
2000-06-01,DLTRUCKSSAAR_diff_lag_1,-0.2619996,0
2000-07-01,DLTRUCKSSAAR_diff_lag_1,-0.07600021,0
2000-08-01,DLTRUCKSSAAR_diff_lag_1,0.30299997,0
2000-09-01,DLTRUCKSSAAR_diff_lag_1,0.7379999,0
2000-10-01,DLTRUCKSSAAR_diff_lag_1,-0.76900005,0
2000-11-01,DLTRUCKSSAAR_diff_lag_1,-0.50499964,0
2000-12-01,DLTRUCKSSAAR_diff_lag_1,-0.15300035,0
2001-01-01,DLTRUCKSSAAR_diff_lag_1,0.6350002,0
2001-02-01,DLTRUCKSSAAR_diff_lag_1,-0.0050001144,0
2001-03-01,DLTRUCKSSAAR_diff_lag_1,0.08400011,0
2001-04-01,DLTRUCKSSAAR_diff_lag_1,-0.46799994,0
2001-05-01,DLTRUCKSSAAR_diff_lag_1,0.024999619,0
2001-06-01,DLTRUCKSSAAR_diff_lag_1,0.53100014,0
2001-07-01,DLTRUCKSSAAR_diff_lag_1,-0.50199986,0
2001-08-01,DLTRUCKSSAAR_diff_lag_1,0.013000011,0
2001-09-01,DLTRUCKSSAAR_diff_lag_1,0.058000088,0
2001-10-01,DLTRUCKSSAAR_diff_lag_1,2.7399998,0
2001-11-01,DLTRUCKSSAAR_diff_lag_1,-1.776,0
2001-12-01,DLTRUCKSSAAR_diff_lag_1,-0.61899996,0
2002-01-01,DLTRUCKSSAAR_diff_lag_1,-0.2420001,0
2002-02-01,DLTRUCKSSAAR_diff_lag_1,0.48600006,0
2002-03-01,DLTRUCKSSAAR_diff_lag_1,-0.31099987,0
2002-04-01,DLTRUCKSSAAR_diff_lag_1,0.19299984,0
2002-05-01,DLTRUCKSSAAR_diff_lag_1,-0.79799986,0
2002-06-01,DLTRUCKSSAAR_diff_lag_1,0.4749999,0
2002-07-01,DLTRUCKSSAAR_diff_lag_1,0.57699966,0
2002-08-01,DLTRUCKSSAAR_diff_lag_1,0.42400074,0
2002-09-01,DLTRUCKSSAAR_diff_lag_1,-1.1450005,0
2002-10-01,DLTRUCKSSAAR_diff_lag_1,-0.012000084,0
2002-11-01,DLTRUCKSSAAR_diff_lag_1,-0.10299969,0
2002-12-01,DLTRUCKSSAAR_diff_lag_1,1.106,0
2003-01-01,DLTRUCKSSAAR_diff_lag_1,-1.1290002,0
2003-02-01,DLTRUCKSSAAR_diff_lag_1,-0.00399971,0
2003-03-01,DLTRUCKSSAAR_diff_lag_1,0.06799984,0
2003-04-01,DLTRUCKSSAAR_diff_lag_1,0.4920001,0
2003-05-01,DLTRUCKSSAAR_diff_lag_1,-0.106999874,0
2003-06-01,DLTRUCKSSAAR_diff_lag_1,0.09599972,0
2003-07-01,DLTRUCKSSAAR_diff_lag_1,0.16400003,0
2003-08-01,DLTRUCKSSAAR_diff_lag_1,0.8649998,0
2003-09-01,DLTRUCKSSAAR_diff_lag_1,-0.73499966,0
2003-10-01,DLTRUCKSSAAR_diff_lag_1,-0.32000017,0
2003-11-01,DLTRUCKSSAAR_diff_lag_1,0.4749999,0
2003-12-01,DLTRUCKSSAAR_diff_lag_1,0.16900063,0
2004-01-01,DLTRUCKSSAAR_diff_lag_1,-0.34899998,0
2004-02-01,DLTRUCKSSAAR_diff_lag_1,-0.20700026,0
2004-03-01,DLTRUCKSSAAR_diff_lag_1,0.043999672,0
2004-04-01,DLTRUCKSSAAR_diff_lag_1,0.16200018,0
2004-05-01,DLTRUCKSSAAR_diff_lag_1,0.5869999,0
2004-06-01,DLTRUCKSSAAR_diff_lag_1,-1.3400002,0
2004-07-01,DLTRUCKSSAAR_diff_lag_1,0.92300034,0
2004-08-01,DLTRUCKSSAAR_diff_lag_1,0.026000023,0
2004-09-01,DLTRUCKSSAAR_diff_lag_1,0.5640001,0
2004-10-01,DLTRUCKSSAAR_diff_lag_1,-0.62699986,0
2004-11-01,DLTRUCKSSAAR_diff_lag_1,-0.06000042,0
2004-12-01,DLTRUCKSSAAR_diff_lag_1,0.1630001,0
2005-01-01,DLTRUCKSSAAR_diff_lag_1,-0.553,0
2005-02-01,DLTRUCKSSAAR_diff_lag_1,-0.1329999,0
2005-03-01,DLTRUCKSSAAR_diff_lag_1,0.36799955,0
2005-04-01,DLTRUCKSSAAR_diff_lag_1,0.11100054,0
2005-05-01,DLTRUCKSSAAR_diff_lag_1,0.080999374,0
2005-06-01,DLTRUCKSSAAR_diff_lag_1,1.0250006,0
2005-07-01,DLTRUCKSSAAR_diff_lag_1,2.059,0
2005-08-01,DLTRUCKSSAAR_diff_lag_1,-3.3590002,0
2005-09-01,DLTRUCKSSAAR_diff_lag_1,-0.5220003,0
2005-10-01,DLTRUCKSSAAR_diff_lag_1,-1.0299997,0
2005-11-01,DLTRUCKSSAAR_diff_lag_1,0.91900015,0
2005-12-01,DLTRUCKSSAAR_diff_lag_1,0.7899995,0
2006-01-01,DLTRUCKSSAAR_diff_lag_1,-0.37699986,0
2006-02-01,DLTRUCKSSAAR_diff_lag_1,-0.052000046,0
2006-03-01,DLTRUCKSSAAR_diff_lag_1,0.03000021,0
2006-04-01,DLTRUCKSSAAR_diff_lag_1,-0.4159999,0
2006-05-01,DLTRUCKSSAAR_diff_lag_1,-0.02300024,0
2006-06-01,DLTRUCKSSAAR_diff_lag_1,0.27900028,0
2006-07-01,DLTRUCKSSAAR_diff_lag_1,0.19999981,0
2006-08-01,DLTRUCKSSAAR_diff_lag_1,-0.7049999,0
2006-09-01,DLTRUCKSSAAR_diff_lag_1,0.42700005,0
2006-10-01,DLTRUCKSSAAR_diff_lag_1,-0.0630002,0
2006-11-01,DLTRUCKSSAAR_diff_lag_1,-0.06399965,0
2006-12-01,DLTRUCKSSAAR_diff_lag_1,-0.069000244,0
2007-01-01,DLTRUCKSSAAR_diff_lag_1,0.03999996,0
2007-02-01,DLTRUCKSSAAR_diff_lag_1,0.4289999,0
2007-03-01,DLTRUCKSSAAR_diff_lag_1,-0.5369997,0
2007-04-01,DLTRUCKSSAAR_diff_lag_1,0.25600004,0
2007-05-01,DLTRUCKSSAAR_diff_lag_1,-0.30700016,0
2007-06-01,DLTRUCKSSAAR_diff_lag_1,-0.1960001,0
2007-07-01,DLTRUCKSSAAR_diff_lag_1,0.026000023,0
2007-08-01,DLTRUCKSSAAR_diff_lag_1,0.4710002,0
2007-09-01,DLTRUCKSSAAR_diff_lag_1,-0.13600016,0
2007-10-01,DLTRUCKSSAAR_diff_lag_1,-0.11100006,0
2007-11-01,DLTRUCKSSAAR_diff_lag_1,-0.4119997,0
2007-12-01,DLTRUCKSSAAR_diff_lag_1,0.017999649,0
2008-01-01,DLTRUCKSSAAR_diff_lag_1,-0.10500002,0
2008-02-01,DLTRUCKSSAAR_diff_lag_1,-0.021999836,0
2008-03-01,DLTRUCKSSAAR_diff_lag_1,-0.3790002,0
2008-04-01,DLTRUCKSSAAR_diff_lag_1,-0.5449996,0
2008-05-01,DLTRUCKSSAAR_diff_lag_1,-0.47200012,0
2008-06-01,DLTRUCKSSAAR_diff_lag_1,0.04799986,0
2008-07-01,DLTRUCKSSAAR_diff_lag_1,-0.58099985,0
2008-08-01,DLTRUCKSSAAR_diff_lag_1,1.237,0
2008-09-01,DLTRUCKSSAAR_diff_lag_1,-0.67700005,0
2008-10-01,DLTRUCKSSAAR_diff_lag_1,-1.2070003,0
2008-11-01,DLTRUCKSSAAR_diff_lag_1,0.171,0
2008-12-01,DLTRUCKSSAAR_diff_lag_1,-0.14799976,0
2009-01-01,DLTRUCKSSAAR_diff_lag_1,-0.05700016,0
2009-02-01,DLTRUCKSSAAR_diff_lag_1,-0.45399976,0
2009-03-01,DLTRUCKSSAAR_diff_lag_1,0.26199985,0
2009-04-01,DLTRUCKSSAAR_diff_lag_1,-0.05699992,0
2009-05-01,DLTRUCKSSAAR_diff_lag_1,0.4020002,0
2009-06-01,DLTRUCKSSAAR_diff_lag_1,-0.17300034,0
2009-07-01,DLTRUCKSSAAR_diff_lag_1,0.23500013,0
2009-08-01,DLTRUCKSSAAR_diff_lag_1,0.941,0
2009-09-01,DLTRUCKSSAAR_diff_lag_1,-1.5769999,0
2009-10-01,DLTRUCKSSAAR_diff_lag_1,0.5979998,0
2009-11-01,DLTRUCKSSAAR_diff_lag_1,0.26999998,0
2009-12-01,DLTRUCKSSAAR_diff_lag_1,-0.03999996,0
2010-01-01,DLTRUCKSSAAR_diff_lag_1,0.039000034,0
2010-02-01,DLTRUCKSSAAR_diff_lag_1,-0.20900011,0
2010-03-01,DLTRUCKSSAAR_diff_lag_1,0.7130003,0
2010-04-01,DLTRUCKSSAAR_diff_lag_1,-0.042000294,0
2010-05-01,DLTRUCKSSAAR_diff_lag_1,0.33500004,0
2010-06-01,DLTRUCKSSAAR_diff_lag_1,-0.34299994,0
2010-07-01,DLTRUCKSSAAR_diff_lag_1,0.16200018,0
2010-08-01,DLTRUCKSSAAR_diff_lag_1,-0.013000011,0
2010-09-01,DLTRUCKSSAAR_diff_lag_1,-0.052999973,0
2010-10-01,DLTRUCKSSAAR_diff_lag_1,0.4499998,0
2010-11-01,DLTRUCKSSAAR_diff_lag_1,-0.059000015,0
2010-12-01,DLTRUCKSSAAR_diff_lag_1,0.05499983,0
2011-01-01,DLTRUCKSSAAR_diff_lag_1,0.27000046,0
2011-02-01,DLTRUCKSSAAR_diff_lag_1,-0.21100044,0
2011-03-01,DLTRUCKSSAAR_diff_lag_1,-0.12599993,0
2011-04-01,DLTRUCKSSAAR_diff_lag_1,0.15199995,0
2011-05-01,DLTRUCKSSAAR_diff_lag_1,-0.32200003,0
2011-06-01,DLTRUCKSSAAR_diff_lag_1,-0.17199993,0
2011-07-01,DLTRUCKSSAAR_diff_lag_1,0.6790004,0
2011-08-01,DLTRUCKSSAAR_diff_lag_1,-0.14600039,0
2011-09-01,DLTRUCKSSAAR_diff_lag_1,0.42799997,0
2011-10-01,DLTRUCKSSAAR_diff_lag_1,-0.009999752,0
2011-11-01,DLTRUCKSSAAR_diff_lag_1,0.10400009,0
2011-12-01,DLTRUCKSSAAR_diff_lag_1,0.046000004,0
2012-01-01,DLTRUCKSSAAR_diff_lag_1,-0.2340002,0
2012-02-01,DLTRUCKSSAAR_diff_lag_1,-0.032000065,0
2012-03-01,DLTRUCKSSAAR_diff_lag_1,-0.039000034,0
2012-04-01,DLTRUCKSSAAR_diff_lag_1,0.15700006,0
2012-05-01,DLTRUCKSSAAR_diff_lag_1,0.06699991,0
2012-06-01,DLTRUCKSSAAR_diff_lag_1,0.09200001,0
2012-07-01,DLTRUCKSSAAR_diff_lag_1,-0.096999645,0
2012-08-01,DLTRUCKSSAAR_diff_lag_1,0.042999744,0
2012-09-01,DLTRUCKSSAAR_diff_lag_1,0.19899988,0
2012-10-01,DLTRUCKSSAAR_diff_lag_1,-0.046000004,0
2012-11-01,DLTRUCKSSAAR_diff_lag_1,0.20600033,0
2012-12-01,DLTRUCKSSAAR_diff_lag_1,0.00399971,0
2013-01-01,DLTRUCKSSAAR_diff_lag_1,0.0539999,0
2013-02-01,DLTRUCKSSAAR_diff_lag_1,0.06600046,0
2013-03-01,DLTRUCKSSAAR_diff_lag_1,0.1619997,0
2013-04-01,DLTRUCKSSAAR_diff_lag_1,0.049000263,0
2013-05-01,DLTRUCKSSAAR_diff_lag_1,0.05499983,0
2013-06-01,DLTRUCKSSAAR_diff_lag_1,0.013999939,0
2013-07-01,DLTRUCKSSAAR_diff_lag_1,-0.1539998,0
2013-08-01,DLTRUCKSSAAR_diff_lag_1,-0.08400011,0
2013-09-01,DLTRUCKSSAAR_diff_lag_1,0.012000084,0
2013-10-01,DLTRUCKSSAAR_diff_lag_1,-0.049000263,0
2013-11-01,DLTRUCKSSAAR_diff_lag_1,0.22900009,0
2013-12-01,DLTRUCKSSAAR_diff_lag_1,-0.16099977,0
2014-01-01,DLTRUCKSSAAR_diff_lag_1,0.15100002,0
2014-02-01,DLTRUCKSSAAR_diff_lag_1,0.20899963,0
2014-03-01,DLTRUCKSSAAR_diff_lag_1,0.44000006,0
2014-04-01,DLTRUCKSSAAR_diff_lag_1,-0.10199976,0
2014-05-01,DLTRUCKSSAAR_diff_lag_1,0.23000002,0
2014-06-01,DLTRUCKSSAAR_diff_lag_1,-0.0069999695,0
2014-07-01,DLTRUCKSSAAR_diff_lag_1,-0.049000263,0
2014-08-01,DLTRUCKSSAAR_diff_lag_1,-0.22099972,0
2014-09-01,DLTRUCKSSAAR_diff_lag_1,0.15299988,0
2014-10-01,DLTRUCKSSAAR_diff_lag_1,-0.14599991,0
2014-11-01,DLTRUCKSSAAR_diff_lag_1,0.27199984,0
2014-12-01,DLTRUCKSSAAR_diff_lag_1,-0.034999847,0
2015-01-01,DLTRUCKSSAAR_diff_lag_1,0.14499998,0
2015-02-01,DLTRUCKSSAAR_diff_lag_1,0.056999683,0
2015-03-01,DLTRUCKSSAAR_diff_lag_1,0.26399994,0
2015-04-01,DLTRUCKSSAAR_diff_lag_1,0.0050001144,0
2015-05-01,DLTRUCKSSAAR_diff_lag_1,0.017999649,0
2015-06-01,DLTRUCKSSAAR_diff_lag_1,-0.110999584,0
2015-07-01,DLTRUCKSSAAR_diff_lag_1,0.35899973,0
2015-08-01,DLTRUCKSSAAR_diff_lag_1,0.023000717,0
2015-09-01,DLTRUCKSSAAR_diff_lag_1,0.14799976,0
2015-10-01,DLTRUCKSSAAR_diff_lag_1,-0.23999977,0
2015-11-01,DLTRUCKSSAAR_diff_lag_1,0.1949997,0
2015-12-01,DLTRUCKSSAAR_diff_lag_1,-0.46600008,0
2016-01-01,DLTRUCKSSAAR_diff_lag_1,0.5000005,0
2016-02-01,DLTRUCKSSAAR_diff_lag_1,0.0,0
2016-03-01,DLTRUCKSSAAR_diff_lag_1,-0.34700012,0
2016-04-01,DLTRUCKSSAAR_diff_lag_1,0.2539997,0
2016-05-01,DLTRUCKSSAAR_diff_lag_1,-0.23799992,0
2016-06-01,DLTRUCKSSAAR_diff_lag_1,0.17399979,0
2016-07-01,DLTRUCKSSAAR_diff_lag_1,0.24100018,0
2016-08-01,DLTRUCKSSAAR_diff_lag_1,-0.05099964,0
2016-09-01,DLTRUCKSSAAR_diff_lag_1,-0.008000374,0
2016-10-01,DLTRUCKSSAAR_diff_lag_1,0.3260002,0
2016-11-01,DLTRUCKSSAAR_diff_lag_1,-0.33600044,0
2016-12-01,DLTRUCKSSAAR_diff_lag_1,0.19099998,0
2017-01-01,DLTRUCKSSAAR_diff_lag_1,-0.0009994507,0
2017-02-01,DLTRUCKSSAAR_diff_lag_1,0.17399979,0
2017-03-01,DLTRUCKSSAAR_diff_lag_1,-0.45200062,0
2017-04-01,DLTRUCKSSAAR_diff_lag_1,-0.03999996,0
2017-05-01,DLTRUCKSSAAR_diff_lag_1,0.011000633,0
2017-06-01,DLTRUCKSSAAR_diff_lag_1,0.15799999,0
2017-07-01,DLTRUCKSSAAR_diff_lag_1,-0.0890007,0
2017-08-01,DLTRUCKSSAAR_diff_lag_1,-0.09799957,0
2017-09-01,DLTRUCKSSAAR_diff_lag_1,0.6499996,0
2017-10-01,DLTRUCKSSAAR_diff_lag_1,0.19400024,0
2017-11-01,DLTRUCKSSAAR_diff_lag_1,-0.27699947,0
2017-12-01,DLTRUCKSSAAR_diff_lag_1,0.08199978,0
2018-01-01,DLTRUCKSSAAR_diff_lag_1,0.010000229,0
2018-02-01,DLTRUCKSSAAR_diff_lag_1,-0.13500023,0
2018-03-01,DLTRUCKSSAAR_diff_lag_1,0.24600029,0
2018-04-01,DLTRUCKSSAAR_diff_lag_1,0.07899952,0
2018-05-01,DLTRUCKSSAAR_diff_lag_1,-0.13300037,0
2018-06-01,DLTRUCKSSAAR_diff_lag_1,0.040000916,0
2018-07-01,DLTRUCKSSAAR_diff_lag_1,-0.040000916,0
2018-08-01,DLTRUCKSSAAR_diff_lag_1,0.12100029,0
2018-09-01,DLTRUCKSSAAR_diff_lag_1,0.12899971,0
2018-10-01,DLTRUCKSSAAR_diff_lag_1,0.06300068,0
2018-11-01,DLTRUCKSSAAR_diff_lag_1,0.0050001144,0
2018-12-01,DLTRUCKSSAAR_diff_lag_1,0.14199924,0
2019-01-01,DLTRUCKSSAAR_diff_lag_1,-0.599,0
2019-02-01,DLTRUCKSSAAR_diff_lag_1,0.20200062,0
2019-03-01,DLTRUCKSSAAR_diff_lag_1,0.57699966,0
2019-04-01,DLTRUCKSSAAR_diff_lag_1,-0.34399986,0
2019-05-01,DLTRUCKSSAAR_diff_lag_1,0.60599995,0
2019-06-01,DLTRUCKSSAAR_diff_lag_1,-0.112999916,0
2019-07-01,DLTRUCKSSAAR_diff_lag_1,-0.052000046,0
2019-08-01,DLTRUCKSSAAR_diff_lag_1,0.07199955,0
2019-09-01,DLTRUCKSSAAR_diff_lag_1,-0.005999565,0
2019-10-01,DLTRUCKSSAAR_diff_lag_1,-0.19999981,0
2019-11-01,DLTRUCKSSAAR_diff_lag_1,0.24199963,0
2019-12-01,DLTRUCKSSAAR_diff_lag_1,-0.18700027,0
2020-01-01,DLTRUCKSSAAR_diff_lag_1,0.17000008,0
2020-02-01,DLTRUCKSSAAR_diff_lag_1,-0.013999939,0
2020-03-01,DLTRUCKSSAAR_diff_lag_1,-3.0299997,0
2020-04-01,DLTRUCKSSAAR_diff_lag_1,-1.5289998,0
2020-05-01,DLTRUCKSSAAR_diff_lag_1,1.7939997,0
2020-06-01,DLTRUCKSSAAR_diff_lag_1,0.36100006,0
2020-07-01,DLTRUCKSSAAR_diff_lag_1,1.0780005,0
2020-08-01,DLTRUCKSSAAR_diff_lag_1,0.6199999,0
2000-01-01,GS10_diff_lag_1,0.37999964,0
2000-02-01,GS10_diff_lag_1,-0.13999987,0
2000-03-01,GS10_diff_lag_1,-0.25999975,0
2000-04-01,GS10_diff_lag_1,-0.27000046,0
2000-05-01,GS10_diff_lag_1,0.4500003,0
2000-06-01,GS10_diff_lag_1,-0.34000015,0
2000-07-01,GS10_diff_lag_1,-0.049999714,0
2000-08-01,GS10_diff_lag_1,-0.22000027,0
2000-09-01,GS10_diff_lag_1,-0.029999733,0
2000-10-01,GS10_diff_lag_1,-0.06000042,0
2000-11-01,GS10_diff_lag_1,-0.01999998,0
2000-12-01,GS10_diff_lag_1,-0.48000002,0
2001-01-01,GS10_diff_lag_1,-0.07999992,0
2001-02-01,GS10_diff_lag_1,-0.059999943,0
2001-03-01,GS10_diff_lag_1,-0.21000004,0
2001-04-01,GS10_diff_lag_1,0.25,0
2001-05-01,GS10_diff_lag_1,0.25,0
2001-06-01,GS10_diff_lag_1,-0.10999966,0
2001-07-01,GS10_diff_lag_1,-0.04000044,0
2001-08-01,GS10_diff_lag_1,-0.26999998,0
2001-09-01,GS10_diff_lag_1,-0.23999977,0
2001-10-01,GS10_diff_lag_1,-0.15999985,0
2001-11-01,GS10_diff_lag_1,0.07999992,0
2001-12-01,GS10_diff_lag_1,0.44000006,0
2002-01-01,GS10_diff_lag_1,-0.05000019,0
2002-02-01,GS10_diff_lag_1,-0.13000011,0
2002-03-01,GS10_diff_lag_1,0.37000036,0
2002-04-01,GS10_diff_lag_1,-0.07000017,0
2002-05-01,GS10_diff_lag_1,-0.05000019,0
2002-06-01,GS10_diff_lag_1,-0.23000002,0
2002-07-01,GS10_diff_lag_1,-0.27999973,0
2002-08-01,GS10_diff_lag_1,-0.38999987,0
2002-09-01,GS10_diff_lag_1,-0.39000034,0
2002-10-01,GS10_diff_lag_1,0.07000017,0
2002-11-01,GS10_diff_lag_1,0.11000013,0
2002-12-01,GS10_diff_lag_1,-0.01999998,0
2003-01-01,GS10_diff_lag_1,0.01999998,0
2003-02-01,GS10_diff_lag_1,-0.1500001,0
2003-03-01,GS10_diff_lag_1,-0.09000015,0
2003-04-01,GS10_diff_lag_1,0.1500001,0
2003-05-01,GS10_diff_lag_1,-0.3900001,0
2003-06-01,GS10_diff_lag_1,-0.24000001,0
2003-07-01,GS10_diff_lag_1,0.6500001,0
2003-08-01,GS10_diff_lag_1,0.4699998,0
2003-09-01,GS10_diff_lag_1,-0.17999983,0
2003-10-01,GS10_diff_lag_1,0.01999998,0
2003-11-01,GS10_diff_lag_1,0.010000229,0
2003-12-01,GS10_diff_lag_1,-0.03000021,0
2004-01-01,GS10_diff_lag_1,-0.119999886,0
2004-02-01,GS10_diff_lag_1,-0.07000017,0
2004-03-01,GS10_diff_lag_1,-0.25,0
2004-04-01,GS10_diff_lag_1,0.52,0
2004-05-01,GS10_diff_lag_1,0.3699999,0
2004-06-01,GS10_diff_lag_1,0.010000229,0
2004-07-01,GS10_diff_lag_1,-0.23000002,0
2004-08-01,GS10_diff_lag_1,-0.21999979,0
2004-09-01,GS10_diff_lag_1,-0.1500001,0
2004-10-01,GS10_diff_lag_1,-0.03000021,0
2004-11-01,GS10_diff_lag_1,0.09000015,0
2004-12-01,GS10_diff_lag_1,0.03999996,0
2005-01-01,GS10_diff_lag_1,-0.010000229,0
2005-02-01,GS10_diff_lag_1,-0.049999714,0
2005-03-01,GS10_diff_lag_1,0.32999992,0
2005-04-01,GS10_diff_lag_1,-0.15999985,0
2005-05-01,GS10_diff_lag_1,-0.20000029,0
2005-06-01,GS10_diff_lag_1,-0.13999987,0
2005-07-01,GS10_diff_lag_1,0.17999983,0
2005-08-01,GS10_diff_lag_1,0.0800004,0
2005-09-01,GS10_diff_lag_1,-0.06000042,0
2005-10-01,GS10_diff_lag_1,0.26000023,0
2005-11-01,GS10_diff_lag_1,0.07999992,0
2005-12-01,GS10_diff_lag_1,-0.07000017,0
2006-01-01,GS10_diff_lag_1,-0.049999714,0
2006-02-01,GS10_diff_lag_1,0.1500001,0
2006-03-01,GS10_diff_lag_1,0.14999962,0
2006-04-01,GS10_diff_lag_1,0.26999998,0
2006-05-01,GS10_diff_lag_1,0.12000036,0
2006-06-01,GS10_diff_lag_1,0.0,0
2006-07-01,GS10_diff_lag_1,-0.01999998,0
2006-08-01,GS10_diff_lag_1,-0.21000004,0
2006-09-01,GS10_diff_lag_1,-0.16000032,0
2006-10-01,GS10_diff_lag_1,0.010000229,0
2006-11-01,GS10_diff_lag_1,-0.13000011,0
2006-12-01,GS10_diff_lag_1,-0.03999996,0
2007-01-01,GS10_diff_lag_1,0.20000029,0
2007-02-01,GS10_diff_lag_1,-0.04000044,0
2007-03-01,GS10_diff_lag_1,-0.15999985,0
2007-04-01,GS10_diff_lag_1,0.13000011,0
2007-05-01,GS10_diff_lag_1,0.059999943,0
2007-06-01,GS10_diff_lag_1,0.3499999,0
2007-07-01,GS10_diff_lag_1,-0.099999905,0
2007-08-01,GS10_diff_lag_1,-0.32999992,0
2007-09-01,GS10_diff_lag_1,-0.1500001,0
2007-10-01,GS10_diff_lag_1,0.010000229,0
2007-11-01,GS10_diff_lag_1,-0.3800001,0
2007-12-01,GS10_diff_lag_1,-0.05000019,0
2008-01-01,GS10_diff_lag_1,-0.3599999,0
2008-02-01,GS10_diff_lag_1,0.0,0
2008-03-01,GS10_diff_lag_1,-0.23000002,0
2008-04-01,GS10_diff_lag_1,0.17000008,0
2008-05-01,GS10_diff_lag_1,0.20000005,0
2008-06-01,GS10_diff_lag_1,0.21999979,0
2008-07-01,GS10_diff_lag_1,-0.089999676,0
2008-08-01,GS10_diff_lag_1,-0.120000124,0
2008-09-01,GS10_diff_lag_1,-0.20000005,0
2008-10-01,GS10_diff_lag_1,0.119999886,0
2008-11-01,GS10_diff_lag_1,-0.27999997,0
2008-12-01,GS10_diff_lag_1,-1.1099999,0
2009-01-01,GS10_diff_lag_1,0.099999905,0
2009-02-01,GS10_diff_lag_1,0.3499999,0
2009-03-01,GS10_diff_lag_1,-0.049999952,0
2009-04-01,GS10_diff_lag_1,0.11000013,0
2009-05-01,GS10_diff_lag_1,0.3599999,0
2009-06-01,GS10_diff_lag_1,0.43000007,0
2009-07-01,GS10_diff_lag_1,-0.16000009,0
2009-08-01,GS10_diff_lag_1,0.029999971,0
2009-09-01,GS10_diff_lag_1,-0.18999982,0
2009-10-01,GS10_diff_lag_1,-0.00999999,0
2009-11-01,GS10_diff_lag_1,0.00999999,0
2009-12-01,GS10_diff_lag_1,0.18999982,0
2010-01-01,GS10_diff_lag_1,0.1400001,0
2010-02-01,GS10_diff_lag_1,-0.03999996,0
2010-03-01,GS10_diff_lag_1,0.03999996,0
2010-04-01,GS10_diff_lag_1,0.119999886,0
2010-05-01,GS10_diff_lag_1,-0.42999983,0
2010-06-01,GS10_diff_lag_1,-0.22000003,0
2010-07-01,GS10_diff_lag_1,-0.19000006,0
2010-08-01,GS10_diff_lag_1,-0.30999994,0
2010-09-01,GS10_diff_lag_1,-0.049999952,0
2010-10-01,GS10_diff_lag_1,-0.11000013,0
2010-11-01,GS10_diff_lag_1,0.22000003,0
2010-12-01,GS10_diff_lag_1,0.53,0
2011-01-01,GS10_diff_lag_1,0.10000014,0
2011-02-01,GS10_diff_lag_1,0.18999982,0
2011-03-01,GS10_diff_lag_1,-0.16999984,0
2011-04-01,GS10_diff_lag_1,0.049999952,0
2011-05-01,GS10_diff_lag_1,-0.28999996,0
2011-06-01,GS10_diff_lag_1,-0.17000008,0
2011-07-01,GS10_diff_lag_1,0.0,0
2011-08-01,GS10_diff_lag_1,-0.70000005,0
2011-09-01,GS10_diff_lag_1,-0.31999993,0
2011-10-01,GS10_diff_lag_1,0.17000008,0
2011-11-01,GS10_diff_lag_1,-0.1400001,0
2011-12-01,GS10_diff_lag_1,-0.029999971,0
2012-01-01,GS10_diff_lag_1,-0.00999999,0
2012-02-01,GS10_diff_lag_1,0.0,0
2012-03-01,GS10_diff_lag_1,0.20000005,0
2012-04-01,GS10_diff_lag_1,-0.120000124,0
2012-05-01,GS10_diff_lag_1,-0.25,0
2012-06-01,GS10_diff_lag_1,-0.17999995,0
2012-07-01,GS10_diff_lag_1,-0.09000003,0
2012-08-01,GS10_diff_lag_1,0.14999998,0
2012-09-01,GS10_diff_lag_1,0.04000008,0
2012-10-01,GS10_diff_lag_1,0.029999971,0
2012-11-01,GS10_diff_lag_1,-0.100000024,0
2012-12-01,GS10_diff_lag_1,0.07000005,0
2013-01-01,GS10_diff_lag_1,0.18999994,0
2013-02-01,GS10_diff_lag_1,0.07000005,0
2013-03-01,GS10_diff_lag_1,-0.01999998,0
2013-04-01,GS10_diff_lag_1,-0.20000005,0
2013-05-01,GS10_diff_lag_1,0.16999996,0
2013-06-01,GS10_diff_lag_1,0.37,0
2013-07-01,GS10_diff_lag_1,0.27999997,0
2013-08-01,GS10_diff_lag_1,0.16000009,0
2013-09-01,GS10_diff_lag_1,0.06999993,0
2013-10-01,GS10_diff_lag_1,-0.19000006,0
2013-11-01,GS10_diff_lag_1,0.10000014,0
2013-12-01,GS10_diff_lag_1,0.18000007,0
2014-01-01,GS10_diff_lag_1,-0.0400002,0
2014-02-01,GS10_diff_lag_1,-0.14999986,0
2014-03-01,GS10_diff_lag_1,0.00999999,0
2014-04-01,GS10_diff_lag_1,-0.00999999,0
2014-05-01,GS10_diff_lag_1,-0.1500001,0
2014-06-01,GS10_diff_lag_1,0.03999996,0
2014-07-01,GS10_diff_lag_1,-0.059999943,0
2014-08-01,GS10_diff_lag_1,-0.119999886,0
2014-09-01,GS10_diff_lag_1,0.109999895,0
2014-10-01,GS10_diff_lag_1,-0.23000002,0
2014-11-01,GS10_diff_lag_1,0.029999971,0
2014-12-01,GS10_diff_lag_1,-0.119999886,0
2015-01-01,GS10_diff_lag_1,-0.33000004,0
2015-02-01,GS10_diff_lag_1,0.100000024,0
2015-03-01,GS10_diff_lag_1,0.059999943,0
2015-04-01,GS10_diff_lag_1,-0.099999905,0
2015-05-01,GS10_diff_lag_1,0.26,0
2015-06-01,GS10_diff_lag_1,0.15999985,0
2015-07-01,GS10_diff_lag_1,-0.03999996,0
2015-08-01,GS10_diff_lag_1,-0.14999986,0
2015-09-01,GS10_diff_lag_1,0.0,0
2015-10-01,GS10_diff_lag_1,-0.10000014,0
2015-11-01,GS10_diff_lag_1,0.19000006,0
2015-12-01,GS10_diff_lag_1,-0.01999998,0
2016-01-01,GS10_diff_lag_1,-0.1500001,0
2016-02-01,GS10_diff_lag_1,-0.30999994,0
2016-03-01,GS10_diff_lag_1,0.110000014,0
2016-04-01,GS10_diff_lag_1,-0.08000004,0
2016-05-01,GS10_diff_lag_1,0.0,0
2016-06-01,GS10_diff_lag_1,-0.16999996,0
2016-07-01,GS10_diff_lag_1,-0.13999999,0
2016-08-01,GS10_diff_lag_1,0.059999943,0
2016-09-01,GS10_diff_lag_1,0.07000005,0
2016-10-01,GS10_diff_lag_1,0.13,0
2016-11-01,GS10_diff_lag_1,0.3800001,0
2016-12-01,GS10_diff_lag_1,0.3499999,0
2017-01-01,GS10_diff_lag_1,-0.059999943,0
2017-02-01,GS10_diff_lag_1,-0.00999999,0
2017-03-01,GS10_diff_lag_1,0.059999943,0
2017-04-01,GS10_diff_lag_1,-0.18000007,0
2017-05-01,GS10_diff_lag_1,0.0,0
2017-06-01,GS10_diff_lag_1,-0.109999895,0
2017-07-01,GS10_diff_lag_1,0.12999988,0
2017-08-01,GS10_diff_lag_1,-0.109999895,0
2017-09-01,GS10_diff_lag_1,-0.00999999,0
2017-10-01,GS10_diff_lag_1,0.15999985,0
2017-11-01,GS10_diff_lag_1,-0.00999999,0
2017-12-01,GS10_diff_lag_1,0.05000019,0
2018-01-01,GS10_diff_lag_1,0.17999983,0
2018-02-01,GS10_diff_lag_1,0.27999997,0
2018-03-01,GS10_diff_lag_1,-0.01999998,0
2018-04-01,GS10_diff_lag_1,0.029999971,0
2018-05-01,GS10_diff_lag_1,0.11000013,0
2018-06-01,GS10_diff_lag_1,-0.06999993,0
2018-07-01,GS10_diff_lag_1,-0.01999998,0
2018-08-01,GS10_diff_lag_1,0.0,0
2018-09-01,GS10_diff_lag_1,0.109999895,0
2018-10-01,GS10_diff_lag_1,0.1500001,0
2018-11-01,GS10_diff_lag_1,-0.03000021,0
2018-12-01,GS10_diff_lag_1,-0.28999996,0
2019-01-01,GS10_diff_lag_1,-0.119999886,0
2019-02-01,GS10_diff_lag_1,-0.029999971,0
2019-03-01,GS10_diff_lag_1,-0.11000013,0
2019-04-01,GS10_diff_lag_1,-0.03999996,0
2019-05-01,GS10_diff_lag_1,-0.12999988,0
2019-06-01,GS10_diff_lag_1,-0.33000016,0
2019-07-01,GS10_diff_lag_1,-0.00999999,0
2019-08-01,GS10_diff_lag_1,-0.42999995,0
2019-09-01,GS10_diff_lag_1,0.07000005,0
2019-10-01,GS10_diff_lag_1,0.00999999,0
2019-11-01,GS10_diff_lag_1,0.099999905,0
2019-12-01,GS10_diff_lag_1,0.05000007,0
2020-01-01,GS10_diff_lag_1,-0.100000024,0
2020-02-01,GS10_diff_lag_1,-0.26,0
2020-03-01,GS10_diff_lag_1,-0.63,0
2020-04-01,GS10_diff_lag_1,-0.20999998,0
2020-05-01,GS10_diff_lag_1,0.00999999,0
2020-06-01,GS10_diff_lag_1,0.060000002,0
2020-07-01,GS10_diff_lag_1,-0.110000014,0
2020-08-01,GS10_diff_lag_1,0.029999971,0
2000-01-01,H8B1011NDMCMG,-14.2,0
2000-02-01,H8B1011NDMCMG,-0.9,0
2000-03-01,H8B1011NDMCMG,30.1,0
2000-04-01,H8B1011NDMCMG,22.8,0
2000-05-01,H8B1011NDMCMG,11.2,0
2000-06-01,H8B1011NDMCMG,24.7,0
2000-07-01,H8B1011NDMCMG,30.1,0
2000-08-01,H8B1011NDMCMG,29.4,0
2000-09-01,H8B1011NDMCMG,29.9,0
2000-10-01,H8B1011NDMCMG,-5.4,0
2000-11-01,H8B1011NDMCMG,21.5,0
2000-12-01,H8B1011NDMCMG,21.1,0
2001-01-01,H8B1011NDMCMG,43.7,0
2001-02-01,H8B1011NDMCMG,35.3,0
2001-03-01,H8B1011NDMCMG,13.8,0
2001-04-01,H8B1011NDMCMG,20.6,0
2001-05-01,H8B1011NDMCMG,22.3,0
2001-06-01,H8B1011NDMCMG,20.6,0
2001-07-01,H8B1011NDMCMG,-6.0,0
2001-08-01,H8B1011NDMCMG,3.7,0
2001-09-01,H8B1011NDMCMG,4.0,0
2001-10-01,H8B1011NDMCMG,16.5,0
2001-11-01,H8B1011NDMCMG,1.3,0
2001-12-01,H8B1011NDMCMG,22.2,0
2002-01-01,H8B1011NDMCMG,19.2,0
2002-02-01,H8B1011NDMCMG,16.4,0
2002-03-01,H8B1011NDMCMG,-9.0,0
2002-04-01,H8B1011NDMCMG,-4.7,0
2002-05-01,H8B1011NDMCMG,3.1,0
2002-06-01,H8B1011NDMCMG,-14.1,0
2002-07-01,H8B1011NDMCMG,-6.3,0
2002-08-01,H8B1011NDMCMG,-4.5,0
2002-09-01,H8B1011NDMCMG,-3.5,0
2002-10-01,H8B1011NDMCMG,35.3,0
2002-11-01,H8B1011NDMCMG,22.5,0
2002-12-01,H8B1011NDMCMG,8.6,0
2003-01-01,H8B1011NDMCMG,2.4,0
2003-02-01,H8B1011NDMCMG,-6.7,0
2003-03-01,H8B1011NDMCMG,15.9,0
2003-04-01,H8B1011NDMCMG,6.6,0
2003-05-01,H8B1011NDMCMG,-7.8,0
2003-06-01,H8B1011NDMCMG,14.2,0
2003-07-01,H8B1011NDMCMG,108.1,0
2003-08-01,H8B1011NDMCMG,5.7,0
2003-09-01,H8B1011NDMCMG,-9.0,0
2003-10-01,H8B1011NDMCMG,-44.1,0
2003-11-01,H8B1011NDMCMG,5.7,0
2003-12-01,H8B1011NDMCMG,13.0,0
2004-01-01,H8B1011NDMCMG,4.2,0
2004-02-01,H8B1011NDMCMG,13.4,0
2004-03-01,H8B1011NDMCMG,7.7,0
2004-04-01,H8B1011NDMCMG,-9.3,0
2004-05-01,H8B1011NDMCMG,-17.4,0
2004-06-01,H8B1011NDMCMG,8.7,0
2004-07-01,H8B1011NDMCMG,10.9,0
2004-08-01,H8B1011NDMCMG,6.9,0
2004-09-01,H8B1011NDMCMG,46.4,0
2004-10-01,H8B1011NDMCMG,31.4,0
2004-11-01,H8B1011NDMCMG,4.6,0
2004-12-01,H8B1011NDMCMG,26.7,0
2005-01-01,H8B1011NDMCMG,12.3,0
2005-02-01,H8B1011NDMCMG,21.6,0
2005-03-01,H8B1011NDMCMG,14.6,0
2005-04-01,H8B1011NDMCMG,14.0,0
2005-05-01,H8B1011NDMCMG,46.0,0
2005-06-01,H8B1011NDMCMG,20.0,0
2005-07-01,H8B1011NDMCMG,6.3,0
2005-08-01,H8B1011NDMCMG,-1.8,0
2005-09-01,H8B1011NDMCMG,-2.9,0
2005-10-01,H8B1011NDMCMG,-16.9,0
2005-11-01,H8B1011NDMCMG,-15.5,0
2005-12-01,H8B1011NDMCMG,29.6,0
2006-01-01,H8B1011NDMCMG,16.9,0
2006-02-01,H8B1011NDMCMG,9.4,0
2006-03-01,H8B1011NDMCMG,9.5,0
2006-04-01,H8B1011NDMCMG,8.3,0
2006-05-01,H8B1011NDMCMG,3.7,0
2006-06-01,H8B1011NDMCMG,9.3,0
2006-07-01,H8B1011NDMCMG,22.0,0
2006-08-01,H8B1011NDMCMG,-4.9,0
2006-09-01,H8B1011NDMCMG,-2.1,0
2006-10-01,H8B1011NDMCMG,11.7,0
2006-11-01,H8B1011NDMCMG,13.9,0
2006-12-01,H8B1011NDMCMG,48.1,0
2007-01-01,H8B1011NDMCMG,-3.0,0
2007-02-01,H8B1011NDMCMG,9.2,0
2007-03-01,H8B1011NDMCMG,20.5,0
2007-04-01,H8B1011NDMCMG,31.4,0
2007-05-01,H8B1011NDMCMG,1.9,0
2007-06-01,H8B1011NDMCMG,14.3,0
2007-07-01,H8B1011NDMCMG,10.6,0
2007-08-01,H8B1011NDMCMG,43.5,0
2007-09-01,H8B1011NDMCMG,43.8,0
2007-10-01,H8B1011NDMCMG,36.2,0
2007-11-01,H8B1011NDMCMG,16.5,0
2007-12-01,H8B1011NDMCMG,19.5,0
2008-01-01,H8B1011NDMCMG,-7.5,0
2008-02-01,H8B1011NDMCMG,-12.7,0
2008-03-01,H8B1011NDMCMG,-7.8,0
2008-04-01,H8B1011NDMCMG,44.0,0
2008-05-01,H8B1011NDMCMG,11.0,0
2008-06-01,H8B1011NDMCMG,0.5,0
2008-07-01,H8B1011NDMCMG,-18.9,0
2008-08-01,H8B1011NDMCMG,-44.6,0
2008-09-01,H8B1011NDMCMG,32.0,0
2008-10-01,H8B1011NDMCMG,58.7,0
2008-11-01,H8B1011NDMCMG,-119.5,0
2008-12-01,H8B1011NDMCMG,-42.7,0
2009-01-01,H8B1011NDMCMG,23.9,0
2009-02-01,H8B1011NDMCMG,36.7,0
2009-03-01,H8B1011NDMCMG,20.1,0
2009-04-01,H8B1011NDMCMG,13.9,0
2009-05-01,H8B1011NDMCMG,29.5,0
2009-06-01,H8B1011NDMCMG,18.3,0
2009-07-01,H8B1011NDMCMG,0.5,0
2009-08-01,H8B1011NDMCMG,-6.8,0
2009-09-01,H8B1011NDMCMG,-8.7,0
2009-10-01,H8B1011NDMCMG,3.3,0
2009-11-01,H8B1011NDMCMG,-4.5,0
2009-12-01,H8B1011NDMCMG,5.2,0
2010-01-01,H8B1011NDMCMG,-10.2,0
2010-02-01,H8B1011NDMCMG,-17.2,0
2010-03-01,H8B1011NDMCMG,-16.1,0
2010-04-01,H8B1011NDMCMG,-16.3,0
2010-05-01,H8B1011NDMCMG,-20.5,0
2010-06-01,H8B1011NDMCMG,-11.5,0
2010-07-01,H8B1011NDMCMG,9.6,0
2010-08-01,H8B1011NDMCMG,1.6,0
2010-09-01,H8B1011NDMCMG,3.5,0
2010-10-01,H8B1011NDMCMG,5.4,0
2010-11-01,H8B1011NDMCMG,-5.5,0
2010-12-01,H8B1011NDMCMG,-18.4,0
2011-01-01,H8B1011NDMCMG,-6.9,0
2011-02-01,H8B1011NDMCMG,4.1,0
2011-03-01,H8B1011NDMCMG,7.2,0
2011-04-01,H8B1011NDMCMG,-18.6,0
2011-05-01,H8B1011NDMCMG,-2.3,0
2011-06-01,H8B1011NDMCMG,-0.2,0
2011-07-01,H8B1011NDMCMG,7.5,0
2011-08-01,H8B1011NDMCMG,18.8,0
2011-09-01,H8B1011NDMCMG,13.6,0
2011-10-01,H8B1011NDMCMG,0.7,0
2011-11-01,H8B1011NDMCMG,14.8,0
2011-12-01,H8B1011NDMCMG,7.5,0
2012-01-01,H8B1011NDMCMG,17.4,0
2012-02-01,H8B1011NDMCMG,9.0,0
2012-03-01,H8B1011NDMCMG,-14.9,0
2012-04-01,H8B1011NDMCMG,-8.6,0
2012-05-01,H8B1011NDMCMG,1.2,0
2012-06-01,H8B1011NDMCMG,9.5,0
2012-07-01,H8B1011NDMCMG,9.7,0
2012-08-01,H8B1011NDMCMG,6.1,0
2012-09-01,H8B1011NDMCMG,25.1,0
2012-10-01,H8B1011NDMCMG,14.9,0
2012-11-01,H8B1011NDMCMG,8.6,0
2012-12-01,H8B1011NDMCMG,19.5,0
2013-01-01,H8B1011NDMCMG,10.9,0
2013-02-01,H8B1011NDMCMG,3.6,0
2013-03-01,H8B1011NDMCMG,5.2,0
2013-04-01,H8B1011NDMCMG,17.1,0
2013-05-01,H8B1011NDMCMG,13.0,0
2013-06-01,H8B1011NDMCMG,-7.0,0
2013-07-01,H8B1011NDMCMG,5.3,0
2013-08-01,H8B1011NDMCMG,8.4,0
2013-09-01,H8B1011NDMCMG,-6.3,0
2013-10-01,H8B1011NDMCMG,5.5,0
2013-11-01,H8B1011NDMCMG,4.8,0
2013-12-01,H8B1011NDMCMG,5.8,0
2014-01-01,H8B1011NDMCMG,-1.8,0
2014-02-01,H8B1011NDMCMG,2.4,0
2014-03-01,H8B1011NDMCMG,-0.7,0
2014-04-01,H8B1011NDMCMG,-10.4,0
2014-05-01,H8B1011NDMCMG,-4.0,0
2014-06-01,H8B1011NDMCMG,4.5,0
2014-07-01,H8B1011NDMCMG,0.9,0
2014-08-01,H8B1011NDMCMG,-11.0,0
2014-09-01,H8B1011NDMCMG,-11.4,0
2014-10-01,H8B1011NDMCMG,-8.5,0
2014-11-01,H8B1011NDMCMG,10.6,0
2014-12-01,H8B1011NDMCMG,6.2,0
2015-01-01,H8B1011NDMCMG,3.0,0
2015-02-01,H8B1011NDMCMG,2.4,0
2015-03-01,H8B1011NDMCMG,2.4,0
2015-04-01,H8B1011NDMCMG,8.8,0
2015-05-01,H8B1011NDMCMG,-2.5,0
2015-06-01,H8B1011NDMCMG,-3.4,0
2015-07-01,H8B1011NDMCMG,-7.9,0
2015-08-01,H8B1011NDMCMG,-1.1,0
2015-09-01,H8B1011NDMCMG,-8.6,0
2015-10-01,H8B1011NDMCMG,-1.2,0
2015-11-01,H8B1011NDMCMG,6.4,0
2015-12-01,H8B1011NDMCMG,2.4,0
2016-01-01,H8B1011NDMCMG,8.6,0
2016-02-01,H8B1011NDMCMG,0.1,0
2016-03-01,H8B1011NDMCMG,5.4,0
2016-04-01,H8B1011NDMCMG,1.6,0
2016-05-01,H8B1011NDMCMG,4.2,0
2016-06-01,H8B1011NDMCMG,12.5,0
2016-07-01,H8B1011NDMCMG,3.8,0
2016-08-01,H8B1011NDMCMG,1.5,0
2016-09-01,H8B1011NDMCMG,8.5,0
2016-10-01,H8B1011NDMCMG,-2.2,0
2016-11-01,H8B1011NDMCMG,-10.2,0
2016-12-01,H8B1011NDMCMG,-2.9,0
2017-01-01,H8B1011NDMCMG,-0.9,0
2017-02-01,H8B1011NDMCMG,3.5,0
2017-03-01,H8B1011NDMCMG,6.9,0
2017-04-01,H8B1011NDMCMG,3.9,0
2017-05-01,H8B1011NDMCMG,-3.1,0
2017-06-01,H8B1011NDMCMG,-4.7,0
2017-07-01,H8B1011NDMCMG,-9.2,0
2017-08-01,H8B1011NDMCMG,-3.2,0
2017-09-01,H8B1011NDMCMG,-3.8,0
2017-10-01,H8B1011NDMCMG,-8.5,0
2017-11-01,H8B1011NDMCMG,1.9,0
2017-12-01,H8B1011NDMCMG,3.7,0
2018-01-01,H8B1011NDMCMG,2.7,0
2018-02-01,H8B1011NDMCMG,-17.2,0
2018-03-01,H8B1011NDMCMG,-17.8,0
2018-04-01,H8B1011NDMCMG,-36.7,0
2018-05-01,H8B1011NDMCMG,-9.1,0
2018-06-01,H8B1011NDMCMG,6.8,0
2018-07-01,H8B1011NDMCMG,1.9,0
2018-08-01,H8B1011NDMCMG,-1.4,0
2018-09-01,H8B1011NDMCMG,-9.8,0
2018-10-01,H8B1011NDMCMG,-7.2,0
2018-11-01,H8B1011NDMCMG,-8.0,0
2018-12-01,H8B1011NDMCMG,-19.0,0
2019-01-01,H8B1011NDMCMG,-2.6,0
2019-02-01,H8B1011NDMCMG,-1.0,0
2019-03-01,H8B1011NDMCMG,-0.5,0
2019-04-01,H8B1011NDMCMG,12.0,0
2019-05-01,H8B1011NDMCMG,-8.0,0
2019-06-01,H8B1011NDMCMG,-5.2,0
2019-07-01,H8B1011NDMCMG,-7.2,0
2019-08-01,H8B1011NDMCMG,-7.1,0
2019-09-01,H8B1011NDMCMG,7.7,0
2019-10-01,H8B1011NDMCMG,5.0,0
2019-11-01,H8B1011NDMCMG,9.6,0
2019-12-01,H8B1011NDMCMG,6.9,0
2020-01-01,H8B1011NDMCMG,-0.8,0
2020-02-01,H8B1011NDMCMG,8.9,0
2020-03-01,H8B1011NDMCMG,5.5,0
2020-04-01,H8B1011NDMCMG,15.3,0
2020-05-01,H8B1011NDMCMG,-3.3,0
2020-06-01,H8B1011NDMCMG,33.6,0
2020-07-01,H8B1011NDMCMG,29.2,0
2020-08-01,H8B1011NDMCMG,-6.8,0
2000-01-01,H8B1110NLGCMG_diff_lag_1,-1.5999999,0
2000-02-01,H8B1110NLGCMG_diff_lag_1,5.1000004,0
2000-03-01,H8B1110NLGCMG_diff_lag_1,-2.5,0
2000-04-01,H8B1110NLGCMG_diff_lag_1,5.8999996,0
2000-05-01,H8B1110NLGCMG_diff_lag_1,-8.1,0
2000-06-01,H8B1110NLGCMG_diff_lag_1,-0.099999905,0
2000-07-01,H8B1110NLGCMG_diff_lag_1,5.9,0
2000-08-01,H8B1110NLGCMG_diff_lag_1,-4.7,0
2000-09-01,H8B1110NLGCMG_diff_lag_1,4.9000006,0
2000-10-01,H8B1110NLGCMG_diff_lag_1,-3.9000006,0
2000-11-01,H8B1110NLGCMG_diff_lag_1,-11.299999,0
2000-12-01,H8B1110NLGCMG_diff_lag_1,24.300001,0
2001-01-01,H8B1110NLGCMG_diff_lag_1,-3.1000004,0
2001-02-01,H8B1110NLGCMG_diff_lag_1,-2.0,0
2001-03-01,H8B1110NLGCMG_diff_lag_1,2.3999996,0
2001-04-01,H8B1110NLGCMG_diff_lag_1,0.39999962,0
2001-05-01,H8B1110NLGCMG_diff_lag_1,-12.4,0
2001-06-01,H8B1110NLGCMG_diff_lag_1,2.5,0
2001-07-01,H8B1110NLGCMG_diff_lag_1,6.5,0
2001-08-01,H8B1110NLGCMG_diff_lag_1,-3.6,0
2001-09-01,H8B1110NLGCMG_diff_lag_1,55.6,0
2001-10-01,H8B1110NLGCMG_diff_lag_1,-96.7,0
2001-11-01,H8B1110NLGCMG_diff_lag_1,43.2,0
2001-12-01,H8B1110NLGCMG_diff_lag_1,9.700001,0
2002-01-01,H8B1110NLGCMG_diff_lag_1,-21.6,0
2002-02-01,H8B1110NLGCMG_diff_lag_1,7.2000003,0
2002-03-01,H8B1110NLGCMG_diff_lag_1,-3.8000002,0
2002-04-01,H8B1110NLGCMG_diff_lag_1,-0.20000005,0
2002-05-01,H8B1110NLGCMG_diff_lag_1,-2.5,0
2002-06-01,H8B1110NLGCMG_diff_lag_1,6.0,0
2002-07-01,H8B1110NLGCMG_diff_lag_1,-0.20000029,0
2002-08-01,H8B1110NLGCMG_diff_lag_1,10.0,0
2002-09-01,H8B1110NLGCMG_diff_lag_1,-4.6000004,0
2002-10-01,H8B1110NLGCMG_diff_lag_1,17.0,0
2002-11-01,H8B1110NLGCMG_diff_lag_1,-15.6,0
2002-12-01,H8B1110NLGCMG_diff_lag_1,-4.3999996,0
2003-01-01,H8B1110NLGCMG_diff_lag_1,-1.5,0
2003-02-01,H8B1110NLGCMG_diff_lag_1,2.6000004,0
2003-03-01,H8B1110NLGCMG_diff_lag_1,-1.6000004,0
2003-04-01,H8B1110NLGCMG_diff_lag_1,7.1000004,0
2003-05-01,H8B1110NLGCMG_diff_lag_1,-3.9000006,0
2003-06-01,H8B1110NLGCMG_diff_lag_1,12.900001,0
2003-07-01,H8B1110NLGCMG_diff_lag_1,-3.8999996,0
2003-08-01,H8B1110NLGCMG_diff_lag_1,-2.9000006,0
2003-09-01,H8B1110NLGCMG_diff_lag_1,-22.0,0
2003-10-01,H8B1110NLGCMG_diff_lag_1,-3.1999998,0
2003-11-01,H8B1110NLGCMG_diff_lag_1,15.2,0
2003-12-01,H8B1110NLGCMG_diff_lag_1,-0.10000038,0
2004-01-01,H8B1110NLGCMG_diff_lag_1,-2.6999998,0
2004-02-01,H8B1110NLGCMG_diff_lag_1,16.3,0
2004-03-01,H8B1110NLGCMG_diff_lag_1,0.9000015,0
2004-04-01,H8B1110NLGCMG_diff_lag_1,-7.6000004,0
2004-05-01,H8B1110NLGCMG_diff_lag_1,2.3999996,0
2004-06-01,H8B1110NLGCMG_diff_lag_1,-11.6,0
2004-07-01,H8B1110NLGCMG_diff_lag_1,-2.6000001,0
2004-08-01,H8B1110NLGCMG_diff_lag_1,6.0,0
2004-09-01,H8B1110NLGCMG_diff_lag_1,3.0999994,0
2004-10-01,H8B1110NLGCMG_diff_lag_1,-3.4999995,0
2004-11-01,H8B1110NLGCMG_diff_lag_1,5.7999997,0
2004-12-01,H8B1110NLGCMG_diff_lag_1,-8.7,0
2005-01-01,H8B1110NLGCMG_diff_lag_1,-2.7,0
2005-02-01,H8B1110NLGCMG_diff_lag_1,3.8999999,0
2005-03-01,H8B1110NLGCMG_diff_lag_1,-3.6,0
2005-04-01,H8B1110NLGCMG_diff_lag_1,-2.1,0
2005-05-01,H8B1110NLGCMG_diff_lag_1,4.6,0
2005-06-01,H8B1110NLGCMG_diff_lag_1,7.6,0
2005-07-01,H8B1110NLGCMG_diff_lag_1,-4.8999996,0
2005-08-01,H8B1110NLGCMG_diff_lag_1,1.5,0
2005-09-01,H8B1110NLGCMG_diff_lag_1,-5.0,0
2005-10-01,H8B1110NLGCMG_diff_lag_1,3.1000001,0
2005-11-01,H8B1110NLGCMG_diff_lag_1,-5.4,0
2005-12-01,H8B1110NLGCMG_diff_lag_1,0.5,0
2006-01-01,H8B1110NLGCMG_diff_lag_1,3.6,0
2006-02-01,H8B1110NLGCMG_diff_lag_1,-4.2999997,0
2006-03-01,H8B1110NLGCMG_diff_lag_1,-4.8,0
2006-04-01,H8B1110NLGCMG_diff_lag_1,12.4,0
2006-05-01,H8B1110NLGCMG_diff_lag_1,-9.5,0
2006-06-01,H8B1110NLGCMG_diff_lag_1,3.0,0
2006-07-01,H8B1110NLGCMG_diff_lag_1,0.9,0
2006-08-01,H8B1110NLGCMG_diff_lag_1,-1.1999999,0
2006-09-01,H8B1110NLGCMG_diff_lag_1,-2.8000002,0
2006-10-01,H8B1110NLGCMG_diff_lag_1,4.5,0
2006-11-01,H8B1110NLGCMG_diff_lag_1,-2.3,0
2006-12-01,H8B1110NLGCMG_diff_lag_1,6.2,0
2007-01-01,H8B1110NLGCMG_diff_lag_1,4.1000004,0
2007-02-01,H8B1110NLGCMG_diff_lag_1,-7.7000003,0
2007-03-01,H8B1110NLGCMG_diff_lag_1,5.7999997,0
2007-04-01,H8B1110NLGCMG_diff_lag_1,6.0,0
2007-05-01,H8B1110NLGCMG_diff_lag_1,-20.2,0
2007-06-01,H8B1110NLGCMG_diff_lag_1,6.8,0
2007-07-01,H8B1110NLGCMG_diff_lag_1,2.9,0
2007-08-01,H8B1110NLGCMG_diff_lag_1,3.2999997,0
2007-09-01,H8B1110NLGCMG_diff_lag_1,-5.7999997,0
2007-10-01,H8B1110NLGCMG_diff_lag_1,0.0,0
2007-11-01,H8B1110NLGCMG_diff_lag_1,-2.7,0
2007-12-01,H8B1110NLGCMG_diff_lag_1,4.3,0
2008-01-01,H8B1110NLGCMG_diff_lag_1,-2.2,0
2008-02-01,H8B1110NLGCMG_diff_lag_1,7.3,0
2008-03-01,H8B1110NLGCMG_diff_lag_1,3.7999992,0
2008-04-01,H8B1110NLGCMG_diff_lag_1,-6.2,0
2008-05-01,H8B1110NLGCMG_diff_lag_1,-14.3,0
2008-06-01,H8B1110NLGCMG_diff_lag_1,9.5,0
2008-07-01,H8B1110NLGCMG_diff_lag_1,3.4,0
2008-08-01,H8B1110NLGCMG_diff_lag_1,-2.7000003,0
2008-09-01,H8B1110NLGCMG_diff_lag_1,39.600002,0
2008-10-01,H8B1110NLGCMG_diff_lag_1,-23.5,0
2008-11-01,H8B1110NLGCMG_diff_lag_1,-0.40000153,0
2008-12-01,H8B1110NLGCMG_diff_lag_1,5.200001,0
2009-01-01,H8B1110NLGCMG_diff_lag_1,-19.6,0
2009-02-01,H8B1110NLGCMG_diff_lag_1,2.9,0
2009-03-01,H8B1110NLGCMG_diff_lag_1,8.3,0
2009-04-01,H8B1110NLGCMG_diff_lag_1,-12.6,0
2009-05-01,H8B1110NLGCMG_diff_lag_1,11.9,0
2009-06-01,H8B1110NLGCMG_diff_lag_1,1.3000002,0
2009-07-01,H8B1110NLGCMG_diff_lag_1,-20.4,0
2009-08-01,H8B1110NLGCMG_diff_lag_1,9.7,0
2009-09-01,H8B1110NLGCMG_diff_lag_1,2.4,0
2009-10-01,H8B1110NLGCMG_diff_lag_1,3.2000003,0
2009-11-01,H8B1110NLGCMG_diff_lag_1,-7.0000005,0
2009-12-01,H8B1110NLGCMG_diff_lag_1,1.0999999,0
2010-01-01,H8B1110NLGCMG_diff_lag_1,-2.2999997,0
2010-02-01,H8B1110NLGCMG_diff_lag_1,8.3,0
2010-03-01,H8B1110NLGCMG_diff_lag_1,-4.2999997,0
2010-04-01,H8B1110NLGCMG_diff_lag_1,4.4999995,0
2010-05-01,H8B1110NLGCMG_diff_lag_1,-3.8999996,0
2010-06-01,H8B1110NLGCMG_diff_lag_1,-1.1999998,0
2010-07-01,H8B1110NLGCMG_diff_lag_1,-6.2000003,0
2010-08-01,H8B1110NLGCMG_diff_lag_1,7.3,0
2010-09-01,H8B1110NLGCMG_diff_lag_1,-0.4000001,0
2010-10-01,H8B1110NLGCMG_diff_lag_1,1.3000002,0
2010-11-01,H8B1110NLGCMG_diff_lag_1,4.3,0
2010-12-01,H8B1110NLGCMG_diff_lag_1,-6.4000006,0
2011-01-01,H8B1110NLGCMG_diff_lag_1,2.1000004,0
2011-02-01,H8B1110NLGCMG_diff_lag_1,4.0,0
2011-03-01,H8B1110NLGCMG_diff_lag_1,-2.3000002,0
2011-04-01,H8B1110NLGCMG_diff_lag_1,4.2,0
2011-05-01,H8B1110NLGCMG_diff_lag_1,-2.1999998,0
2011-06-01,H8B1110NLGCMG_diff_lag_1,7.1000004,0
2011-07-01,H8B1110NLGCMG_diff_lag_1,21.199999,0
2011-08-01,H8B1110NLGCMG_diff_lag_1,-1.5999985,0
2011-09-01,H8B1110NLGCMG_diff_lag_1,-38.0,0
2011-10-01,H8B1110NLGCMG_diff_lag_1,4.7000003,0
2011-11-01,H8B1110NLGCMG_diff_lag_1,2.4,0
2011-12-01,H8B1110NLGCMG_diff_lag_1,1.3999996,0
2012-01-01,H8B1110NLGCMG_diff_lag_1,4.7,0
2012-02-01,H8B1110NLGCMG_diff_lag_1,-8.7,0
2012-03-01,H8B1110NLGCMG_diff_lag_1,3.3000002,0
2012-04-01,H8B1110NLGCMG_diff_lag_1,-1.1999998,0
2012-05-01,H8B1110NLGCMG_diff_lag_1,-1.9000001,0
2012-06-01,H8B1110NLGCMG_diff_lag_1,5.7000003,0
2012-07-01,H8B1110NLGCMG_diff_lag_1,-2.6000004,0
2012-08-01,H8B1110NLGCMG_diff_lag_1,1.3999996,0
2012-09-01,H8B1110NLGCMG_diff_lag_1,-0.5,0
2012-10-01,H8B1110NLGCMG_diff_lag_1,4.3,0
2012-11-01,H8B1110NLGCMG_diff_lag_1,-2.6999998,0
2012-12-01,H8B1110NLGCMG_diff_lag_1,5.0,0
2013-01-01,H8B1110NLGCMG_diff_lag_1,-15.0,0
2013-02-01,H8B1110NLGCMG_diff_lag_1,-0.2,0
2013-03-01,H8B1110NLGCMG_diff_lag_1,13.0,0
2013-04-01,H8B1110NLGCMG_diff_lag_1,-3.8000002,0
2013-05-01,H8B1110NLGCMG_diff_lag_1,-6.2,0
2013-06-01,H8B1110NLGCMG_diff_lag_1,-2.8,0
2013-07-01,H8B1110NLGCMG_diff_lag_1,5.8,0
2013-08-01,H8B1110NLGCMG_diff_lag_1,-0.4000001,0
2013-09-01,H8B1110NLGCMG_diff_lag_1,0.19999981,0
2013-10-01,H8B1110NLGCMG_diff_lag_1,14.4,0
2013-11-01,H8B1110NLGCMG_diff_lag_1,-22.1,0
2013-12-01,H8B1110NLGCMG_diff_lag_1,12.0,0
2014-01-01,H8B1110NLGCMG_diff_lag_1,-1.8999996,0
2014-02-01,H8B1110NLGCMG_diff_lag_1,0.0,0
2014-03-01,H8B1110NLGCMG_diff_lag_1,-3.9,0
2014-04-01,H8B1110NLGCMG_diff_lag_1,2.3000002,0
2014-05-01,H8B1110NLGCMG_diff_lag_1,-0.3000002,0
2014-06-01,H8B1110NLGCMG_diff_lag_1,0.5,0
2014-07-01,H8B1110NLGCMG_diff_lag_1,0.9000001,0
2014-08-01,H8B1110NLGCMG_diff_lag_1,-4.3,0
2014-09-01,H8B1110NLGCMG_diff_lag_1,15.2,0
2014-10-01,H8B1110NLGCMG_diff_lag_1,-31.0,0
2014-11-01,H8B1110NLGCMG_diff_lag_1,15.8,0
2014-12-01,H8B1110NLGCMG_diff_lag_1,9.0,0
2015-01-01,H8B1110NLGCMG_diff_lag_1,-9.0,0
2015-02-01,H8B1110NLGCMG_diff_lag_1,8.8,0
2015-03-01,H8B1110NLGCMG_diff_lag_1,-7.4,0
2015-04-01,H8B1110NLGCMG_diff_lag_1,-3.1,0
2015-05-01,H8B1110NLGCMG_diff_lag_1,-0.5,0
2015-06-01,H8B1110NLGCMG_diff_lag_1,2.9,0
2015-07-01,H8B1110NLGCMG_diff_lag_1,-3.9,0
2015-08-01,H8B1110NLGCMG_diff_lag_1,4.6,0
2015-09-01,H8B1110NLGCMG_diff_lag_1,0.9000001,0
2015-10-01,H8B1110NLGCMG_diff_lag_1,-5.8,0
2015-11-01,H8B1110NLGCMG_diff_lag_1,6.0,0
2015-12-01,H8B1110NLGCMG_diff_lag_1,-6.7999997,0
2016-01-01,H8B1110NLGCMG_diff_lag_1,6.0,0
2016-02-01,H8B1110NLGCMG_diff_lag_1,-0.3000002,0
2016-03-01,H8B1110NLGCMG_diff_lag_1,4.2000003,0
2016-04-01,H8B1110NLGCMG_diff_lag_1,7.0,0
2016-05-01,H8B1110NLGCMG_diff_lag_1,-11.700001,0
2016-06-01,H8B1110NLGCMG_diff_lag_1,3.8000002,0
2016-07-01,H8B1110NLGCMG_diff_lag_1,-5.1000004,0
2016-08-01,H8B1110NLGCMG_diff_lag_1,10.4,0
2016-09-01,H8B1110NLGCMG_diff_lag_1,-4.3,0
2016-10-01,H8B1110NLGCMG_diff_lag_1,-1.7999997,0
2016-11-01,H8B1110NLGCMG_diff_lag_1,-1.4000001,0
2016-12-01,H8B1110NLGCMG_diff_lag_1,-1.8999999,0
2017-01-01,H8B1110NLGCMG_diff_lag_1,4.3999996,0
2017-02-01,H8B1110NLGCMG_diff_lag_1,-5.8999996,0
2017-03-01,H8B1110NLGCMG_diff_lag_1,1.6000001,0
2017-04-01,H8B1110NLGCMG_diff_lag_1,-2.4,0
2017-05-01,H8B1110NLGCMG_diff_lag_1,2.9,0
2017-06-01,H8B1110NLGCMG_diff_lag_1,-5.6000004,0
2017-07-01,H8B1110NLGCMG_diff_lag_1,8.4,0
2017-08-01,H8B1110NLGCMG_diff_lag_1,-5.7,0
2017-09-01,H8B1110NLGCMG_diff_lag_1,-0.100000024,0
2017-10-01,H8B1110NLGCMG_diff_lag_1,2.6,0
2017-11-01,H8B1110NLGCMG_diff_lag_1,-3.1,0
2017-12-01,H8B1110NLGCMG_diff_lag_1,2.5,0
2018-01-01,H8B1110NLGCMG_diff_lag_1,-2.3000002,0
2018-02-01,H8B1110NLGCMG_diff_lag_1,2.4,0
2018-03-01,H8B1110NLGCMG_diff_lag_1,2.4,0
2018-04-01,H8B1110NLGCMG_diff_lag_1,-5.4,0
2018-05-01,H8B1110NLGCMG_diff_lag_1,1.2,0
2018-06-01,H8B1110NLGCMG_diff_lag_1,-0.4000001,0
2018-07-01,H8B1110NLGCMG_diff_lag_1,-0.29999995,0
2018-08-01,H8B1110NLGCMG_diff_lag_1,4.9,0
2018-09-01,H8B1110NLGCMG_diff_lag_1,-5.9,0
2018-10-01,H8B1110NLGCMG_diff_lag_1,-0.6,0
2018-11-01,H8B1110NLGCMG_diff_lag_1,2.2,0
2018-12-01,H8B1110NLGCMG_diff_lag_1,12.799999,0
2019-01-01,H8B1110NLGCMG_diff_lag_1,-19.0,0
2019-02-01,H8B1110NLGCMG_diff_lag_1,4.2999997,0
2019-03-01,H8B1110NLGCMG_diff_lag_1,7.4,0
2019-04-01,H8B1110NLGCMG_diff_lag_1,-0.4000001,0
2019-05-01,H8B1110NLGCMG_diff_lag_1,0.3000002,0
2019-06-01,H8B1110NLGCMG_diff_lag_1,4.3,0
2019-07-01,H8B1110NLGCMG_diff_lag_1,-9.3,0
2019-08-01,H8B1110NLGCMG_diff_lag_1,0.9000001,0
2019-09-01,H8B1110NLGCMG_diff_lag_1,4.2999997,0
2019-10-01,H8B1110NLGCMG_diff_lag_1,2.1000004,0
2019-11-01,H8B1110NLGCMG_diff_lag_1,2.0999994,0
2019-12-01,H8B1110NLGCMG_diff_lag_1,-10.0,0
2020-01-01,H8B1110NLGCMG_diff_lag_1,7.2000003,0
2020-02-01,H8B1110NLGCMG_diff_lag_1,-1.2000003,0
2020-03-01,H8B1110NLGCMG_diff_lag_1,60.5,0
2020-04-01,H8B1110NLGCMG_diff_lag_1,18.699997,0
2020-05-01,H8B1110NLGCMG_diff_lag_1,-35.3,0
2020-06-01,H8B1110NLGCMG_diff_lag_1,-28.3,0
2020-07-01,H8B1110NLGCMG_diff_lag_1,-19.9,0
2020-08-01,H8B1110NLGCMG_diff_lag_1,2.9,0
2000-01-01,H8B3053NCBDM_diff_lag_1,10515.8125,0
2000-02-01,H8B3053NCBDM_diff_lag_1,14674.1875,0
2000-03-01,H8B3053NCBDM_diff_lag_1,7063.5938,0
2000-04-01,H8B3053NCBDM_diff_lag_1,578.0,0
2000-05-01,H8B3053NCBDM_diff_lag_1,9300.3125,0
2000-06-01,H8B3053NCBDM_diff_lag_1,725.40625,0
2000-07-01,H8B3053NCBDM_diff_lag_1,2539.5938,0
2000-08-01,H8B3053NCBDM_diff_lag_1,-1176.3125,0
2000-09-01,H8B3053NCBDM_diff_lag_1,4871.9062,0
2000-10-01,H8B3053NCBDM_diff_lag_1,15388.906,0
2000-11-01,H8B3053NCBDM_diff_lag_1,-4857.5938,0
2000-12-01,H8B3053NCBDM_diff_lag_1,5021.6875,0
2001-01-01,H8B3053NCBDM_diff_lag_1,12881.0,0
2001-02-01,H8B3053NCBDM_diff_lag_1,-1213.0,0
2001-03-01,H8B3053NCBDM_diff_lag_1,20532.0,0
2001-04-01,H8B3053NCBDM_diff_lag_1,4190.1875,0
2001-05-01,H8B3053NCBDM_diff_lag_1,-9624.594,0
2001-06-01,H8B3053NCBDM_diff_lag_1,-5506.5,0
2001-07-01,H8B3053NCBDM_diff_lag_1,5519.4062,0
2001-08-01,H8B3053NCBDM_diff_lag_1,3816.4062,0
2001-09-01,H8B3053NCBDM_diff_lag_1,44309.406,0
2001-10-01,H8B3053NCBDM_diff_lag_1,17773.688,0
2001-11-01,H8B3053NCBDM_diff_lag_1,-3001.5938,0
2001-12-01,H8B3053NCBDM_diff_lag_1,-3128.3125,0
2002-01-01,H8B3053NCBDM_diff_lag_1,1284.2188,0
2002-02-01,H8B3053NCBDM_diff_lag_1,-2804.9062,0
2002-03-01,H8B3053NCBDM_diff_lag_1,-19221.219,0
2002-04-01,H8B3053NCBDM_diff_lag_1,4833.3125,0
2002-05-01,H8B3053NCBDM_diff_lag_1,-10903.0,0
2002-06-01,H8B3053NCBDM_diff_lag_1,-15807.8125,0
2002-07-01,H8B3053NCBDM_diff_lag_1,-1219.1875,0
2002-08-01,H8B3053NCBDM_diff_lag_1,17347.0,0
2002-09-01,H8B3053NCBDM_diff_lag_1,4245.5,0
2002-10-01,H8B3053NCBDM_diff_lag_1,14048.5,0
2002-11-01,H8B3053NCBDM_diff_lag_1,18952.906,0
2002-12-01,H8B3053NCBDM_diff_lag_1,14850.094,0
2003-01-01,H8B3053NCBDM_diff_lag_1,-2121.875,0
2003-02-01,H8B3053NCBDM_diff_lag_1,15239.875,0
2003-03-01,H8B3053NCBDM_diff_lag_1,-7770.8125,0
2003-04-01,H8B3053NCBDM_diff_lag_1,938.625,0
2003-05-01,H8B3053NCBDM_diff_lag_1,10252.6875,0
2003-06-01,H8B3053NCBDM_diff_lag_1,7866.625,0
2003-07-01,H8B3053NCBDM_diff_lag_1,16836.875,0
2003-08-01,H8B3053NCBDM_diff_lag_1,17840.375,0
2003-09-01,H8B3053NCBDM_diff_lag_1,-4603.6875,0
2003-10-01,H8B3053NCBDM_diff_lag_1,-11429.8125,0
2003-11-01,H8B3053NCBDM_diff_lag_1,2520.125,0
2003-12-01,H8B3053NCBDM_diff_lag_1,1869.125,0
2004-01-01,H8B3053NCBDM_diff_lag_1,957.5,0
2004-02-01,H8B3053NCBDM_diff_lag_1,-5240.125,0
2004-03-01,H8B3053NCBDM_diff_lag_1,4016.1875,0
2004-04-01,H8B3053NCBDM_diff_lag_1,32057.438,0
2004-05-01,H8B3053NCBDM_diff_lag_1,8681.875,0
2004-06-01,H8B3053NCBDM_diff_lag_1,12348.375,0
2004-07-01,H8B3053NCBDM_diff_lag_1,19894.5,0
2004-08-01,H8B3053NCBDM_diff_lag_1,11074.4375,0
2004-09-01,H8B3053NCBDM_diff_lag_1,15880.0625,0
2004-10-01,H8B3053NCBDM_diff_lag_1,-3846.5625,0
2004-11-01,H8B3053NCBDM_diff_lag_1,12900.6875,0
2004-12-01,H8B3053NCBDM_diff_lag_1,6668.875,0
2005-01-01,H8B3053NCBDM_diff_lag_1,213.9375,0
2005-02-01,H8B3053NCBDM_diff_lag_1,-178.3125,0
2005-03-01,H8B3053NCBDM_diff_lag_1,19205.125,0
2005-04-01,H8B3053NCBDM_diff_lag_1,-4995.0,0
2005-05-01,H8B3053NCBDM_diff_lag_1,-1052.4375,0
2005-06-01,H8B3053NCBDM_diff_lag_1,9297.4375,0
2005-07-01,H8B3053NCBDM_diff_lag_1,-9509.0,0
2005-08-01,H8B3053NCBDM_diff_lag_1,8399.6875,0
2005-09-01,H8B3053NCBDM_diff_lag_1,12248.375,0
2005-10-01,H8B3053NCBDM_diff_lag_1,6039.3125,0
2005-11-01,H8B3053NCBDM_diff_lag_1,4518.3125,0
2005-12-01,H8B3053NCBDM_diff_lag_1,-4221.8125,0
2006-01-01,H8B3053NCBDM_diff_lag_1,15177.5,0
2006-02-01,H8B3053NCBDM_diff_lag_1,23275.312,0
2006-03-01,H8B3053NCBDM_diff_lag_1,-1720.3125,0
2006-04-01,H8B3053NCBDM_diff_lag_1,13294.875,0
2006-05-01,H8B3053NCBDM_diff_lag_1,21649.438,0
2006-06-01,H8B3053NCBDM_diff_lag_1,-817.5,0
2006-07-01,H8B3053NCBDM_diff_lag_1,13088.6875,0
2006-08-01,H8B3053NCBDM_diff_lag_1,2803.875,0
2006-09-01,H8B3053NCBDM_diff_lag_1,11320.4375,0
2006-10-01,H8B3053NCBDM_diff_lag_1,15312.8125,0
2006-11-01,H8B3053NCBDM_diff_lag_1,-16829.938,0
2006-12-01,H8B3053NCBDM_diff_lag_1,12130.3125,0
2007-01-01,H8B3053NCBDM_diff_lag_1,3321.125,0
2007-02-01,H8B3053NCBDM_diff_lag_1,6066.6875,0
2007-03-01,H8B3053NCBDM_diff_lag_1,872.0625,0
2007-04-01,H8B3053NCBDM_diff_lag_1,9755.3125,0
2007-05-01,H8B3053NCBDM_diff_lag_1,4044.4375,0
2007-06-01,H8B3053NCBDM_diff_lag_1,7396.25,0
2007-07-01,H8B3053NCBDM_diff_lag_1,3795.625,0
2007-08-01,H8B3053NCBDM_diff_lag_1,17525.5,0
2007-09-01,H8B3053NCBDM_diff_lag_1,35723.5,0
2007-10-01,H8B3053NCBDM_diff_lag_1,5504.8125,0
2007-11-01,H8B3053NCBDM_diff_lag_1,8260.3125,0
2007-12-01,H8B3053NCBDM_diff_lag_1,11022.0625,0
2008-01-01,H8B3053NCBDM_diff_lag_1,25035.812,0
2008-02-01,H8B3053NCBDM_diff_lag_1,2258.875,0
2008-03-01,H8B3053NCBDM_diff_lag_1,36976.0,0
2008-04-01,H8B3053NCBDM_diff_lag_1,-7779.375,0
2008-05-01,H8B3053NCBDM_diff_lag_1,-17012.625,0
2008-06-01,H8B3053NCBDM_diff_lag_1,12808.3125,0
2008-07-01,H8B3053NCBDM_diff_lag_1,16653.625,0
2008-08-01,H8B3053NCBDM_diff_lag_1,-4322.4375,0
2008-09-01,H8B3053NCBDM_diff_lag_1,34245.875,0
2008-10-01,H8B3053NCBDM_diff_lag_1,46279.125,0
2008-11-01,H8B3053NCBDM_diff_lag_1,58415.375,0
2008-12-01,H8B3053NCBDM_diff_lag_1,25340.5,0
2009-01-01,H8B3053NCBDM_diff_lag_1,-47046.25,0
2009-02-01,H8B3053NCBDM_diff_lag_1,6160.5,0
2009-03-01,H8B3053NCBDM_diff_lag_1,10191.5,0
2009-04-01,H8B3053NCBDM_diff_lag_1,-41643.875,0
2009-05-01,H8B3053NCBDM_diff_lag_1,4715.25,0
2009-06-01,H8B3053NCBDM_diff_lag_1,41504.75,0
2009-07-01,H8B3053NCBDM_diff_lag_1,4982.875,0
2009-08-01,H8B3053NCBDM_diff_lag_1,-30883.375,0
2009-09-01,H8B3053NCBDM_diff_lag_1,12013.875,0
2009-10-01,H8B3053NCBDM_diff_lag_1,21382.625,0
2009-11-01,H8B3053NCBDM_diff_lag_1,-2287.0,0
2009-12-01,H8B3053NCBDM_diff_lag_1,44391.75,0
2010-01-01,H8B3053NCBDM_diff_lag_1,286813.88,0
2010-02-01,H8B3053NCBDM_diff_lag_1,15641.5,0
2010-03-01,H8B3053NCBDM_diff_lag_1,-14119.375,0
2010-04-01,H8B3053NCBDM_diff_lag_1,-29390.125,0
2010-05-01,H8B3053NCBDM_diff_lag_1,29285.375,0
2010-06-01,H8B3053NCBDM_diff_lag_1,1657.125,0
2010-07-01,H8B3053NCBDM_diff_lag_1,-11719.875,0
2010-08-01,H8B3053NCBDM_diff_lag_1,28177.125,0
2010-09-01,H8B3053NCBDM_diff_lag_1,2062.125,0
2010-10-01,H8B3053NCBDM_diff_lag_1,31910.0,0
2010-11-01,H8B3053NCBDM_diff_lag_1,-18417.375,0
2010-12-01,H8B3053NCBDM_diff_lag_1,-40134.375,0
2011-01-01,H8B3053NCBDM_diff_lag_1,-11952.25,0
2011-02-01,H8B3053NCBDM_diff_lag_1,-7330.25,0
2011-03-01,H8B3053NCBDM_diff_lag_1,20848.375,0
2011-04-01,H8B3053NCBDM_diff_lag_1,-7037.625,0
2011-05-01,H8B3053NCBDM_diff_lag_1,6498.5,0
2011-06-01,H8B3053NCBDM_diff_lag_1,-11505.625,0
2011-07-01,H8B3053NCBDM_diff_lag_1,-18287.875,0
2011-08-01,H8B3053NCBDM_diff_lag_1,54156.125,0
2011-09-01,H8B3053NCBDM_diff_lag_1,10187.375,0
2011-10-01,H8B3053NCBDM_diff_lag_1,-27819.625,0
2011-11-01,H8B3053NCBDM_diff_lag_1,2305.75,0
2011-12-01,H8B3053NCBDM_diff_lag_1,-10660.375,0
2012-01-01,H8B3053NCBDM_diff_lag_1,-17472.125,0
2012-02-01,H8B3053NCBDM_diff_lag_1,-3059.0,0
2012-03-01,H8B3053NCBDM_diff_lag_1,-19252.5,0
2012-04-01,H8B3053NCBDM_diff_lag_1,2684.5,0
2012-05-01,H8B3053NCBDM_diff_lag_1,8819.5,0
2012-06-01,H8B3053NCBDM_diff_lag_1,7078.0,0
2012-07-01,H8B3053NCBDM_diff_lag_1,1269.0,0
2012-08-01,H8B3053NCBDM_diff_lag_1,-21523.0,0
2012-09-01,H8B3053NCBDM_diff_lag_1,21204.5,0
2012-10-01,H8B3053NCBDM_diff_lag_1,-18051.5,0
2012-11-01,H8B3053NCBDM_diff_lag_1,-1198.0,0
2012-12-01,H8B3053NCBDM_diff_lag_1,-5406.25,0
2013-01-01,H8B3053NCBDM_diff_lag_1,-6878.125,0
2013-02-01,H8B3053NCBDM_diff_lag_1,3567.75,0
2013-03-01,H8B3053NCBDM_diff_lag_1,-19567.375,0
2013-04-01,H8B3053NCBDM_diff_lag_1,-42479.875,0
2013-05-01,H8B3053NCBDM_diff_lag_1,2975.5,0
2013-06-01,H8B3053NCBDM_diff_lag_1,-5344.5,0
2013-07-01,H8B3053NCBDM_diff_lag_1,-12370.25,0
2013-08-01,H8B3053NCBDM_diff_lag_1,-14460.375,0
2013-09-01,H8B3053NCBDM_diff_lag_1,-1544.5,0
2013-10-01,H8B3053NCBDM_diff_lag_1,-27251.5,0
2013-11-01,H8B3053NCBDM_diff_lag_1,-13283.375,0
2013-12-01,H8B3053NCBDM_diff_lag_1,18736.0,0
2014-01-01,H8B3053NCBDM_diff_lag_1,-1795.25,0
2014-02-01,H8B3053NCBDM_diff_lag_1,5305.625,0
2014-03-01,H8B3053NCBDM_diff_lag_1,-5414.5,0
2014-04-01,H8B3053NCBDM_diff_lag_1,-7273.5,0
2014-05-01,H8B3053NCBDM_diff_lag_1,9362.375,0
2014-06-01,H8B3053NCBDM_diff_lag_1,-2166.375,0
2014-07-01,H8B3053NCBDM_diff_lag_1,5341.25,0
2014-08-01,H8B3053NCBDM_diff_lag_1,1211.25,0
2014-09-01,H8B3053NCBDM_diff_lag_1,2692.5,0
2014-10-01,H8B3053NCBDM_diff_lag_1,9526.75,0
2014-11-01,H8B3053NCBDM_diff_lag_1,6473.75,0
2014-12-01,H8B3053NCBDM_diff_lag_1,9991.625,0
2015-01-01,H8B3053NCBDM_diff_lag_1,44850.875,0
2015-02-01,H8B3053NCBDM_diff_lag_1,-15987.125,0
2015-03-01,H8B3053NCBDM_diff_lag_1,15658.125,0
2015-04-01,H8B3053NCBDM_diff_lag_1,-35707.25,0
2015-05-01,H8B3053NCBDM_diff_lag_1,-9121.0,0
2015-06-01,H8B3053NCBDM_diff_lag_1,-7562.125,0
2015-07-01,H8B3053NCBDM_diff_lag_1,-5643.5,0
2015-08-01,H8B3053NCBDM_diff_lag_1,11418.25,0
2015-09-01,H8B3053NCBDM_diff_lag_1,-809.375,0
2015-10-01,H8B3053NCBDM_diff_lag_1,-17919.625,0
2015-11-01,H8B3053NCBDM_diff_lag_1,-2429.875,0
2015-12-01,H8B3053NCBDM_diff_lag_1,-6354.5,0
2016-01-01,H8B3053NCBDM_diff_lag_1,49816.0,0
2016-02-01,H8B3053NCBDM_diff_lag_1,3433.625,0
2016-03-01,H8B3053NCBDM_diff_lag_1,-14964.625,0
2016-04-01,H8B3053NCBDM_diff_lag_1,-8355.5,0
2016-05-01,H8B3053NCBDM_diff_lag_1,-4080.25,0
2016-06-01,H8B3053NCBDM_diff_lag_1,34096.5,0
2016-07-01,H8B3053NCBDM_diff_lag_1,4959.125,0
2016-08-01,H8B3053NCBDM_diff_lag_1,-9267.375,0
2016-09-01,H8B3053NCBDM_diff_lag_1,-10462.25,0
2016-10-01,H8B3053NCBDM_diff_lag_1,-7004.75,0
2016-11-01,H8B3053NCBDM_diff_lag_1,9338.875,0
2016-12-01,H8B3053NCBDM_diff_lag_1,1144.625,0
2017-01-01,H8B3053NCBDM_diff_lag_1,-26118.625,0
2017-02-01,H8B3053NCBDM_diff_lag_1,-5269.25,0
2017-03-01,H8B3053NCBDM_diff_lag_1,-5212.75,0
2017-04-01,H8B3053NCBDM_diff_lag_1,3136.625,0
2017-05-01,H8B3053NCBDM_diff_lag_1,15091.5,0
2017-06-01,H8B3053NCBDM_diff_lag_1,-5.5,0
2017-07-01,H8B3053NCBDM_diff_lag_1,-2761.625,0
2017-08-01,H8B3053NCBDM_diff_lag_1,14295.375,0
2017-09-01,H8B3053NCBDM_diff_lag_1,17597.75,0
2017-10-01,H8B3053NCBDM_diff_lag_1,2293.0,0
2017-11-01,H8B3053NCBDM_diff_lag_1,21749.25,0
2017-12-01,H8B3053NCBDM_diff_lag_1,-5241.875,0
2018-01-01,H8B3053NCBDM_diff_lag_1,13338.75,0
2018-02-01,H8B3053NCBDM_diff_lag_1,11477.625,0
2018-03-01,H8B3053NCBDM_diff_lag_1,-14467.375,0
2018-04-01,H8B3053NCBDM_diff_lag_1,2294.0,0
2018-05-01,H8B3053NCBDM_diff_lag_1,29266.5,0
2018-06-01,H8B3053NCBDM_diff_lag_1,-16306.0,0
2018-07-01,H8B3053NCBDM_diff_lag_1,-15177.25,0
2018-08-01,H8B3053NCBDM_diff_lag_1,-2158.125,0
2018-09-01,H8B3053NCBDM_diff_lag_1,-2804.625,0
2018-10-01,H8B3053NCBDM_diff_lag_1,21205.25,0
2018-11-01,H8B3053NCBDM_diff_lag_1,-19110.375,0
2018-12-01,H8B3053NCBDM_diff_lag_1,-20674.375,0
2019-01-01,H8B3053NCBDM_diff_lag_1,-20053.25,0
2019-02-01,H8B3053NCBDM_diff_lag_1,16711.375,0
2019-03-01,H8B3053NCBDM_diff_lag_1,20141.625,0
2019-04-01,H8B3053NCBDM_diff_lag_1,24187.125,0
2019-05-01,H8B3053NCBDM_diff_lag_1,3359.75,0
2019-06-01,H8B3053NCBDM_diff_lag_1,36592.5,0
2019-07-01,H8B3053NCBDM_diff_lag_1,-1358.5,0
2019-08-01,H8B3053NCBDM_diff_lag_1,45612.125,0
2019-09-01,H8B3053NCBDM_diff_lag_1,-32151.625,0
2019-10-01,H8B3053NCBDM_diff_lag_1,-6368.875,0
2019-11-01,H8B3053NCBDM_diff_lag_1,1708.25,0
2019-12-01,H8B3053NCBDM_diff_lag_1,-2467.875,0
2020-01-01,H8B3053NCBDM_diff_lag_1,38174.75,0
2020-02-01,H8B3053NCBDM_diff_lag_1,47813.25,0
2020-03-01,H8B3053NCBDM_diff_lag_1,133257.5,0
2020-04-01,H8B3053NCBDM_diff_lag_1,-15103.75,0
2020-05-01,H8B3053NCBDM_diff_lag_1,-7795.875,0
2020-06-01,H8B3053NCBDM_diff_lag_1,-5818.875,0
2020-07-01,H8B3053NCBDM_diff_lag_1,10453.0,0
2020-08-01,H8B3053NCBDM_diff_lag_1,-12250.875,0
2000-01-01,H8B3094NFRAM_perc_diff_lag_1,5.6921,0
2000-02-01,H8B3094NFRAM_perc_diff_lag_1,-1.734967,0
2000-03-01,H8B3094NFRAM_perc_diff_lag_1,-0.072227046,0
2000-04-01,H8B3094NFRAM_perc_diff_lag_1,5.5507975,0
2000-05-01,H8B3094NFRAM_perc_diff_lag_1,1.497709,0
2000-06-01,H8B3094NFRAM_perc_diff_lag_1,-1.4059243,0
2000-07-01,H8B3094NFRAM_perc_diff_lag_1,3.926883,0
2000-08-01,H8B3094NFRAM_perc_diff_lag_1,-0.30725825,0
2000-09-01,H8B3094NFRAM_perc_diff_lag_1,8.486186,0
2000-10-01,H8B3094NFRAM_perc_diff_lag_1,0.90892893,0
2000-11-01,H8B3094NFRAM_perc_diff_lag_1,-2.7156732,0
2000-12-01,H8B3094NFRAM_perc_diff_lag_1,9.766506,0
2001-01-01,H8B3094NFRAM_perc_diff_lag_1,6.3212004,0
2001-02-01,H8B3094NFRAM_perc_diff_lag_1,-1.9093255,0
2001-03-01,H8B3094NFRAM_perc_diff_lag_1,1.3703072,0
2001-04-01,H8B3094NFRAM_perc_diff_lag_1,-2.3756561,0
2001-05-01,H8B3094NFRAM_perc_diff_lag_1,-8.410349,0
2001-06-01,H8B3094NFRAM_perc_diff_lag_1,-3.2343998,0
2001-07-01,H8B3094NFRAM_perc_diff_lag_1,0.9902122,0
2001-08-01,H8B3094NFRAM_perc_diff_lag_1,1.3117958,0
2001-09-01,H8B3094NFRAM_perc_diff_lag_1,3.1298397,0
2001-10-01,H8B3094NFRAM_perc_diff_lag_1,-6.4378915,0
2001-11-01,H8B3094NFRAM_perc_diff_lag_1,-0.574495,0
2001-12-01,H8B3094NFRAM_perc_diff_lag_1,-4.7883787,0
2002-01-01,H8B3094NFRAM_perc_diff_lag_1,-0.58707887,0
2002-02-01,H8B3094NFRAM_perc_diff_lag_1,0.757522,0
2002-03-01,H8B3094NFRAM_perc_diff_lag_1,-1.7057165,0
2002-04-01,H8B3094NFRAM_perc_diff_lag_1,-0.15340517,0
2002-05-01,H8B3094NFRAM_perc_diff_lag_1,2.061548,0
2002-06-01,H8B3094NFRAM_perc_diff_lag_1,0.10321803,0
2002-07-01,H8B3094NFRAM_perc_diff_lag_1,7.8211136,0
2002-08-01,H8B3094NFRAM_perc_diff_lag_1,7.8966866,0
2002-09-01,H8B3094NFRAM_perc_diff_lag_1,2.1098645,0
2002-10-01,H8B3094NFRAM_perc_diff_lag_1,3.1154964,0
2002-11-01,H8B3094NFRAM_perc_diff_lag_1,6.505847,0
2002-12-01,H8B3094NFRAM_perc_diff_lag_1,6.956344,0
2003-01-01,H8B3094NFRAM_perc_diff_lag_1,2.819738,0
2003-02-01,H8B3094NFRAM_perc_diff_lag_1,-1.5286971,0
2003-03-01,H8B3094NFRAM_perc_diff_lag_1,10.099224,0
2003-04-01,H8B3094NFRAM_perc_diff_lag_1,0.712058,0
2003-05-01,H8B3094NFRAM_perc_diff_lag_1,2.6472394,0
2003-06-01,H8B3094NFRAM_perc_diff_lag_1,2.3348932,0
2003-07-01,H8B3094NFRAM_perc_diff_lag_1,-4.8183217,0
2003-08-01,H8B3094NFRAM_perc_diff_lag_1,-0.27386957,0
2003-09-01,H8B3094NFRAM_perc_diff_lag_1,-1.5204186,0
2003-10-01,H8B3094NFRAM_perc_diff_lag_1,2.8662694,0
2003-11-01,H8B3094NFRAM_perc_diff_lag_1,-4.4877315,0
2003-12-01,H8B3094NFRAM_perc_diff_lag_1,3.1018598,0
2004-01-01,H8B3094NFRAM_perc_diff_lag_1,10.82447,0
2004-02-01,H8B3094NFRAM_perc_diff_lag_1,2.6143663,0
2004-03-01,H8B3094NFRAM_perc_diff_lag_1,1.8628681,0
2004-04-01,H8B3094NFRAM_perc_diff_lag_1,-0.73069394,0
2004-05-01,H8B3094NFRAM_perc_diff_lag_1,-5.745106,0
2004-06-01,H8B3094NFRAM_perc_diff_lag_1,6.036327,0
2004-07-01,H8B3094NFRAM_perc_diff_lag_1,1.2617729,0
2004-08-01,H8B3094NFRAM_perc_diff_lag_1,-3.2504425,0
2004-09-01,H8B3094NFRAM_perc_diff_lag_1,2.9579914,0
2004-10-01,H8B3094NFRAM_perc_diff_lag_1,2.1240218,0
2004-11-01,H8B3094NFRAM_perc_diff_lag_1,6.768555,0
2004-12-01,H8B3094NFRAM_perc_diff_lag_1,-7.7932067,0
2005-01-01,H8B3094NFRAM_perc_diff_lag_1,4.9857492,0
2005-02-01,H8B3094NFRAM_perc_diff_lag_1,1.750845,0
2005-03-01,H8B3094NFRAM_perc_diff_lag_1,0.144414,0
2005-04-01,H8B3094NFRAM_perc_diff_lag_1,0.4535385,0
2005-05-01,H8B3094NFRAM_perc_diff_lag_1,1.1049047,0
2005-06-01,H8B3094NFRAM_perc_diff_lag_1,-2.1485462,0
2005-07-01,H8B3094NFRAM_perc_diff_lag_1,3.8957567,0
2005-08-01,H8B3094NFRAM_perc_diff_lag_1,5.830433,0
2005-09-01,H8B3094NFRAM_perc_diff_lag_1,-2.3834858,0
2005-10-01,H8B3094NFRAM_perc_diff_lag_1,1.1208925,0
2005-11-01,H8B3094NFRAM_perc_diff_lag_1,6.1770496,0
2005-12-01,H8B3094NFRAM_perc_diff_lag_1,3.506256,0
2006-01-01,H8B3094NFRAM_perc_diff_lag_1,3.2315123,0
2006-02-01,H8B3094NFRAM_perc_diff_lag_1,0.7466864,0
2006-03-01,H8B3094NFRAM_perc_diff_lag_1,-2.9618795,0
2006-04-01,H8B3094NFRAM_perc_diff_lag_1,-2.8442721,0
2006-05-01,H8B3094NFRAM_perc_diff_lag_1,2.8594246,0
2006-06-01,H8B3094NFRAM_perc_diff_lag_1,0.6667541,0
2006-07-01,H8B3094NFRAM_perc_diff_lag_1,-2.6188684,0
2006-08-01,H8B3094NFRAM_perc_diff_lag_1,1.3868562,0
2006-09-01,H8B3094NFRAM_perc_diff_lag_1,4.2778864,0
2006-10-01,H8B3094NFRAM_perc_diff_lag_1,7.442311,0
2006-11-01,H8B3094NFRAM_perc_diff_lag_1,3.819524,0
2006-12-01,H8B3094NFRAM_perc_diff_lag_1,3.6340575,0
2007-01-01,H8B3094NFRAM_perc_diff_lag_1,2.593608,0
2007-02-01,H8B3094NFRAM_perc_diff_lag_1,2.6365473,0
2007-03-01,H8B3094NFRAM_perc_diff_lag_1,0.6097736,0
2007-04-01,H8B3094NFRAM_perc_diff_lag_1,0.12914972,0
2007-05-01,H8B3094NFRAM_perc_diff_lag_1,-2.836129,0
2007-06-01,H8B3094NFRAM_perc_diff_lag_1,2.5116358,0
2007-07-01,H8B3094NFRAM_perc_diff_lag_1,0.9289517,0
2007-08-01,H8B3094NFRAM_perc_diff_lag_1,0.53579354,0
2007-09-01,H8B3094NFRAM_perc_diff_lag_1,-4.7081747,0
2007-10-01,H8B3094NFRAM_perc_diff_lag_1,1.9506782,0
2007-11-01,H8B3094NFRAM_perc_diff_lag_1,2.4755406,0
2007-12-01,H8B3094NFRAM_perc_diff_lag_1,6.0557113,0
2008-01-01,H8B3094NFRAM_perc_diff_lag_1,-1.3557159,0
2008-02-01,H8B3094NFRAM_perc_diff_lag_1,6.141185,0
2008-03-01,H8B3094NFRAM_perc_diff_lag_1,0.5165351,0
2008-04-01,H8B3094NFRAM_perc_diff_lag_1,-3.9732633,0
2008-05-01,H8B3094NFRAM_perc_diff_lag_1,2.781344,0
2008-06-01,H8B3094NFRAM_perc_diff_lag_1,-1.962774,0
2008-07-01,H8B3094NFRAM_perc_diff_lag_1,-0.57109267,0
2008-08-01,H8B3094NFRAM_perc_diff_lag_1,-1.4633495,0
2008-09-01,H8B3094NFRAM_perc_diff_lag_1,0.70290637,0
2008-10-01,H8B3094NFRAM_perc_diff_lag_1,7.6876955,0
2008-11-01,H8B3094NFRAM_perc_diff_lag_1,2.224818,0
2008-12-01,H8B3094NFRAM_perc_diff_lag_1,-2.8627942,0
2009-01-01,H8B3094NFRAM_perc_diff_lag_1,-2.9809053,0
2009-02-01,H8B3094NFRAM_perc_diff_lag_1,4.4902406,0
2009-03-01,H8B3094NFRAM_perc_diff_lag_1,5.2509594,0
2009-04-01,H8B3094NFRAM_perc_diff_lag_1,0.6062334,0
2009-05-01,H8B3094NFRAM_perc_diff_lag_1,-1.3416448,0
2009-06-01,H8B3094NFRAM_perc_diff_lag_1,-3.5206149,0
2009-07-01,H8B3094NFRAM_perc_diff_lag_1,0.97971886,0
2009-08-01,H8B3094NFRAM_perc_diff_lag_1,-2.0777879,0
2009-09-01,H8B3094NFRAM_perc_diff_lag_1,-3.0147789,0
2009-10-01,H8B3094NFRAM_perc_diff_lag_1,-5.551469,0
2009-11-01,H8B3094NFRAM_perc_diff_lag_1,-3.7619462,0
2009-12-01,H8B3094NFRAM_perc_diff_lag_1,-2.7012188,0
2010-01-01,H8B3094NFRAM_perc_diff_lag_1,-3.655376,0
2010-02-01,H8B3094NFRAM_perc_diff_lag_1,-3.7068949,0
2010-03-01,H8B3094NFRAM_perc_diff_lag_1,-3.8378613,0
2010-04-01,H8B3094NFRAM_perc_diff_lag_1,3.538592,0
2010-05-01,H8B3094NFRAM_perc_diff_lag_1,-2.4941022,0
2010-06-01,H8B3094NFRAM_perc_diff_lag_1,4.0241537,0
2010-07-01,H8B3094NFRAM_perc_diff_lag_1,3.3710558,0
2010-08-01,H8B3094NFRAM_perc_diff_lag_1,0.11034648,0
2010-09-01,H8B3094NFRAM_perc_diff_lag_1,-0.036944363,0
2010-10-01,H8B3094NFRAM_perc_diff_lag_1,2.4021738,0
2010-11-01,H8B3094NFRAM_perc_diff_lag_1,-1.5259014,0
2010-12-01,H8B3094NFRAM_perc_diff_lag_1,7.7888575,0
2011-01-01,H8B3094NFRAM_perc_diff_lag_1,-6.104237,0
2011-02-01,H8B3094NFRAM_perc_diff_lag_1,0.46384576,0
2011-03-01,H8B3094NFRAM_perc_diff_lag_1,1.4191756,0
2011-04-01,H8B3094NFRAM_perc_diff_lag_1,2.7707114,0
2011-05-01,H8B3094NFRAM_perc_diff_lag_1,-2.9390135,0
2011-06-01,H8B3094NFRAM_perc_diff_lag_1,-0.670127,0
2011-07-01,H8B3094NFRAM_perc_diff_lag_1,6.2255287,0
2011-08-01,H8B3094NFRAM_perc_diff_lag_1,0.6319624,0
2011-09-01,H8B3094NFRAM_perc_diff_lag_1,-1.1812186,0
2011-10-01,H8B3094NFRAM_perc_diff_lag_1,-2.5695853,0
2011-11-01,H8B3094NFRAM_perc_diff_lag_1,0.7232627,0
2011-12-01,H8B3094NFRAM_perc_diff_lag_1,6.1220913,0
2012-01-01,H8B3094NFRAM_perc_diff_lag_1,-4.7751617,0
2012-02-01,H8B3094NFRAM_perc_diff_lag_1,0.764119,0
2012-03-01,H8B3094NFRAM_perc_diff_lag_1,-0.4174908,0
2012-04-01,H8B3094NFRAM_perc_diff_lag_1,1.0441364,0
2012-05-01,H8B3094NFRAM_perc_diff_lag_1,0.42757455,0
2012-06-01,H8B3094NFRAM_perc_diff_lag_1,0.9547828,0
2012-07-01,H8B3094NFRAM_perc_diff_lag_1,1.528314,0
2012-08-01,H8B3094NFRAM_perc_diff_lag_1,-0.83941156,0
2012-09-01,H8B3094NFRAM_perc_diff_lag_1,1.4463449,0
2012-10-01,H8B3094NFRAM_perc_diff_lag_1,-2.2256787,0
2012-11-01,H8B3094NFRAM_perc_diff_lag_1,2.4207745,0
2012-12-01,H8B3094NFRAM_perc_diff_lag_1,3.395381,0
2013-01-01,H8B3094NFRAM_perc_diff_lag_1,1.4494789,0
2013-02-01,H8B3094NFRAM_perc_diff_lag_1,0.7751119,0
2013-03-01,H8B3094NFRAM_perc_diff_lag_1,-1.5947664,0
2013-04-01,H8B3094NFRAM_perc_diff_lag_1,-2.1326401,0
2013-05-01,H8B3094NFRAM_perc_diff_lag_1,-0.025081174,0
2013-06-01,H8B3094NFRAM_perc_diff_lag_1,-0.5371415,0
2013-07-01,H8B3094NFRAM_perc_diff_lag_1,-2.1714513,0
2013-08-01,H8B3094NFRAM_perc_diff_lag_1,0.82874244,0
2013-09-01,H8B3094NFRAM_perc_diff_lag_1,1.0406742,0
2013-10-01,H8B3094NFRAM_perc_diff_lag_1,1.2600086,0
2013-11-01,H8B3094NFRAM_perc_diff_lag_1,0.72380966,0
2013-12-01,H8B3094NFRAM_perc_diff_lag_1,0.19178241,0
2014-01-01,H8B3094NFRAM_perc_diff_lag_1,-0.46434572,0
2014-02-01,H8B3094NFRAM_perc_diff_lag_1,1.1496072,0
2014-03-01,H8B3094NFRAM_perc_diff_lag_1,3.717614,0
2014-04-01,H8B3094NFRAM_perc_diff_lag_1,1.1902118,0
2014-05-01,H8B3094NFRAM_perc_diff_lag_1,3.28047,0
2014-06-01,H8B3094NFRAM_perc_diff_lag_1,6.220019,0
2014-07-01,H8B3094NFRAM_perc_diff_lag_1,2.3029134,0
2014-08-01,H8B3094NFRAM_perc_diff_lag_1,1.074385,0
2014-09-01,H8B3094NFRAM_perc_diff_lag_1,1.1893976,0
2014-10-01,H8B3094NFRAM_perc_diff_lag_1,1.4690292,0
2014-11-01,H8B3094NFRAM_perc_diff_lag_1,0.85664046,0
2014-12-01,H8B3094NFRAM_perc_diff_lag_1,0.22377099,0
2015-01-01,H8B3094NFRAM_perc_diff_lag_1,2.041331,0
2015-02-01,H8B3094NFRAM_perc_diff_lag_1,-0.5371223,0
2015-03-01,H8B3094NFRAM_perc_diff_lag_1,1.5076122,0
2015-04-01,H8B3094NFRAM_perc_diff_lag_1,0.5510172,0
2015-05-01,H8B3094NFRAM_perc_diff_lag_1,-0.013511077,0
2015-06-01,H8B3094NFRAM_perc_diff_lag_1,0.72147924,0
2015-07-01,H8B3094NFRAM_perc_diff_lag_1,0.32040775,0
2015-08-01,H8B3094NFRAM_perc_diff_lag_1,-0.26891115,0
2015-09-01,H8B3094NFRAM_perc_diff_lag_1,-1.214857,0
2015-10-01,H8B3094NFRAM_perc_diff_lag_1,6.3918953,0
2015-11-01,H8B3094NFRAM_perc_diff_lag_1,0.20830831,0
2015-12-01,H8B3094NFRAM_perc_diff_lag_1,-0.87248904,0
2016-01-01,H8B3094NFRAM_perc_diff_lag_1,0.5654997,0
2016-02-01,H8B3094NFRAM_perc_diff_lag_1,2.3311682,0
2016-03-01,H8B3094NFRAM_perc_diff_lag_1,1.4431958,0
2016-04-01,H8B3094NFRAM_perc_diff_lag_1,1.2992542,0
2016-05-01,H8B3094NFRAM_perc_diff_lag_1,0.90725607,0
2016-06-01,H8B3094NFRAM_perc_diff_lag_1,-1.495833,0
2016-07-01,H8B3094NFRAM_perc_diff_lag_1,2.2189226,0
2016-08-01,H8B3094NFRAM_perc_diff_lag_1,0.7834671,0
2016-09-01,H8B3094NFRAM_perc_diff_lag_1,-1.0010298,0
2016-10-01,H8B3094NFRAM_perc_diff_lag_1,-1.3069774,0
2016-11-01,H8B3094NFRAM_perc_diff_lag_1,-0.039269082,0
2016-12-01,H8B3094NFRAM_perc_diff_lag_1,0.92024416,0
2017-01-01,H8B3094NFRAM_perc_diff_lag_1,-0.032830358,0
2017-02-01,H8B3094NFRAM_perc_diff_lag_1,3.4776227,0
2017-03-01,H8B3094NFRAM_perc_diff_lag_1,-1.7494364,0
2017-04-01,H8B3094NFRAM_perc_diff_lag_1,0.42329982,0
2017-05-01,H8B3094NFRAM_perc_diff_lag_1,-0.53738356,0
2017-06-01,H8B3094NFRAM_perc_diff_lag_1,1.0341986,0
2017-07-01,H8B3094NFRAM_perc_diff_lag_1,2.021657,0
2017-08-01,H8B3094NFRAM_perc_diff_lag_1,3.7262762,0
2017-09-01,H8B3094NFRAM_perc_diff_lag_1,-0.27337536,0
2017-10-01,H8B3094NFRAM_perc_diff_lag_1,-1.6780545,0
2017-11-01,H8B3094NFRAM_perc_diff_lag_1,2.5076349,0
2017-12-01,H8B3094NFRAM_perc_diff_lag_1,2.750542,0
2018-01-01,H8B3094NFRAM_perc_diff_lag_1,0.58392745,0
2018-02-01,H8B3094NFRAM_perc_diff_lag_1,-0.9547303,0
2018-03-01,H8B3094NFRAM_perc_diff_lag_1,-4.2703276,0
2018-04-01,H8B3094NFRAM_perc_diff_lag_1,-3.5140026,0
2018-05-01,H8B3094NFRAM_perc_diff_lag_1,1.5574344,0
2018-06-01,H8B3094NFRAM_perc_diff_lag_1,-0.07206874,0
2018-07-01,H8B3094NFRAM_perc_diff_lag_1,-3.0395772,0
2018-08-01,H8B3094NFRAM_perc_diff_lag_1,-4.2020226,0
2018-09-01,H8B3094NFRAM_perc_diff_lag_1,1.8583899,0
2018-10-01,H8B3094NFRAM_perc_diff_lag_1,-1.6197754,0
2018-11-01,H8B3094NFRAM_perc_diff_lag_1,1.2841082,0
2018-12-01,H8B3094NFRAM_perc_diff_lag_1,-0.019602207,0
2019-01-01,H8B3094NFRAM_perc_diff_lag_1,1.1238397,0
2019-02-01,H8B3094NFRAM_perc_diff_lag_1,-1.005468,0
2019-03-01,H8B3094NFRAM_perc_diff_lag_1,0.82105225,0
2019-04-01,H8B3094NFRAM_perc_diff_lag_1,-1.1941068,0
2019-05-01,H8B3094NFRAM_perc_diff_lag_1,0.45898995,0
2019-06-01,H8B3094NFRAM_perc_diff_lag_1,1.665131,0
2019-07-01,H8B3094NFRAM_perc_diff_lag_1,2.2476344,0
2019-08-01,H8B3094NFRAM_perc_diff_lag_1,1.9690512,0
2019-09-01,H8B3094NFRAM_perc_diff_lag_1,-0.5053285,0
2019-10-01,H8B3094NFRAM_perc_diff_lag_1,-1.3337286,0
2019-11-01,H8B3094NFRAM_perc_diff_lag_1,0.79279727,0
2019-12-01,H8B3094NFRAM_perc_diff_lag_1,0.5439958,0
2020-01-01,H8B3094NFRAM_perc_diff_lag_1,-0.56886685,0
2020-02-01,H8B3094NFRAM_perc_diff_lag_1,1.0892532,0
2020-03-01,H8B3094NFRAM_perc_diff_lag_1,12.446555,0
2020-04-01,H8B3094NFRAM_perc_diff_lag_1,1.5918539,0
2020-05-01,H8B3094NFRAM_perc_diff_lag_1,-6.2342544,0
2020-06-01,H8B3094NFRAM_perc_diff_lag_1,-11.009604,0
2020-07-01,H8B3094NFRAM_perc_diff_lag_1,-2.126162,0
2020-08-01,H8B3094NFRAM_perc_diff_lag_1,1.7889364,0
2000-01-01,LAUTOSA_perc_diff_lag_1,3.699574,0
2000-02-01,LAUTOSA_perc_diff_lag_1,2.793899,0
2000-03-01,LAUTOSA_perc_diff_lag_1,-6.2199483,0
2000-04-01,LAUTOSA_perc_diff_lag_1,-0.75799626,0
2000-05-01,LAUTOSA_perc_diff_lag_1,-0.29203665,0
2000-06-01,LAUTOSA_perc_diff_lag_1,-1.3968638,0
2000-07-01,LAUTOSA_perc_diff_lag_1,-1.7936769,0
2000-08-01,LAUTOSA_perc_diff_lag_1,0.011638022,0
2000-09-01,LAUTOSA_perc_diff_lag_1,4.129342,0
2000-10-01,LAUTOSA_perc_diff_lag_1,-3.987929,0
2000-11-01,LAUTOSA_perc_diff_lag_1,-4.200117,0
2000-12-01,LAUTOSA_perc_diff_lag_1,-3.060485,0
2001-01-01,LAUTOSA_perc_diff_lag_1,9.10799,0
2001-02-01,LAUTOSA_perc_diff_lag_1,1.9520047,0
2001-03-01,LAUTOSA_perc_diff_lag_1,-6.948977,0
2001-04-01,LAUTOSA_perc_diff_lag_1,0.5688687,0
2001-05-01,LAUTOSA_perc_diff_lag_1,-0.06017709,0
2001-06-01,LAUTOSA_perc_diff_lag_1,0.25288907,0
2001-07-01,LAUTOSA_perc_diff_lag_1,-5.585582,0
2001-08-01,LAUTOSA_perc_diff_lag_1,-1.5776091,0
2001-09-01,LAUTOSA_perc_diff_lag_1,0.03877692,0
2001-10-01,LAUTOSA_perc_diff_lag_1,34.112934,0
2001-11-01,LAUTOSA_perc_diff_lag_1,-19.655073,0
2001-12-01,LAUTOSA_perc_diff_lag_1,-11.476193,0
2002-01-01,LAUTOSA_perc_diff_lag_1,3.5898113,0
2002-02-01,LAUTOSA_perc_diff_lag_1,4.629274,0
2002-03-01,LAUTOSA_perc_diff_lag_1,0.8123932,0
2002-04-01,LAUTOSA_perc_diff_lag_1,4.500371,0
2002-05-01,LAUTOSA_perc_diff_lag_1,-7.1657386,0
2002-06-01,LAUTOSA_perc_diff_lag_1,2.6453648,0
2002-07-01,LAUTOSA_perc_diff_lag_1,7.046813,0
2002-08-01,LAUTOSA_perc_diff_lag_1,-0.7210901,0
2002-09-01,LAUTOSA_perc_diff_lag_1,-7.3570786,0
2002-10-01,LAUTOSA_perc_diff_lag_1,-4.590287,0
2002-11-01,LAUTOSA_perc_diff_lag_1,3.9496336,0
2002-12-01,LAUTOSA_perc_diff_lag_1,3.0090594,0
2003-01-01,LAUTOSA_perc_diff_lag_1,-0.23517826,0
2003-02-01,LAUTOSA_perc_diff_lag_1,-7.642688,0
2003-03-01,LAUTOSA_perc_diff_lag_1,1.7598072,0
2003-04-01,LAUTOSA_perc_diff_lag_1,-2.4158366,0
2003-05-01,LAUTOSA_perc_diff_lag_1,-1.8533561,0
2003-06-01,LAUTOSA_perc_diff_lag_1,5.2377687,0
2003-07-01,LAUTOSA_perc_diff_lag_1,-0.9430259,0
2003-08-01,LAUTOSA_perc_diff_lag_1,3.213011,0
2003-09-01,LAUTOSA_perc_diff_lag_1,-2.9080224,0
2003-10-01,LAUTOSA_perc_diff_lag_1,-5.040242,0
2003-11-01,LAUTOSA_perc_diff_lag_1,7.6142817,0
2003-12-01,LAUTOSA_perc_diff_lag_1,-4.2608123,0
2004-01-01,LAUTOSA_perc_diff_lag_1,-4.9629135,0
2004-02-01,LAUTOSA_perc_diff_lag_1,7.4499803,0
2004-03-01,LAUTOSA_perc_diff_lag_1,1.716853,0
2004-04-01,LAUTOSA_perc_diff_lag_1,-5.505067,0
2004-05-01,LAUTOSA_perc_diff_lag_1,8.024184,0
2004-06-01,LAUTOSA_perc_diff_lag_1,-8.025949,0
2004-07-01,LAUTOSA_perc_diff_lag_1,2.0467465,0
2004-08-01,LAUTOSA_perc_diff_lag_1,-1.8024173,0
2004-09-01,LAUTOSA_perc_diff_lag_1,1.6008857,0
2004-10-01,LAUTOSA_perc_diff_lag_1,2.9339864,0
2004-11-01,LAUTOSA_perc_diff_lag_1,-0.6070204,0
2004-12-01,LAUTOSA_perc_diff_lag_1,6.213488,0
2005-01-01,LAUTOSA_perc_diff_lag_1,-6.8875017,0
2005-02-01,LAUTOSA_perc_diff_lag_1,1.516981,0
2005-03-01,LAUTOSA_perc_diff_lag_1,2.6315837,0
2005-04-01,LAUTOSA_perc_diff_lag_1,2.3064024,0
2005-05-01,LAUTOSA_perc_diff_lag_1,-5.3778343,0
2005-06-01,LAUTOSA_perc_diff_lag_1,-0.14641497,0
2005-07-01,LAUTOSA_perc_diff_lag_1,6.8781633,0
2005-08-01,LAUTOSA_perc_diff_lag_1,-2.781237,0
2005-09-01,LAUTOSA_perc_diff_lag_1,1.8986499,0
2005-10-01,LAUTOSA_perc_diff_lag_1,-6.9117436,0
2005-11-01,LAUTOSA_perc_diff_lag_1,2.9753826,0
2005-12-01,LAUTOSA_perc_diff_lag_1,-2.3377986,0
2006-01-01,LAUTOSA_perc_diff_lag_1,15.976328,0
2006-02-01,LAUTOSA_perc_diff_lag_1,-12.036175,0
2006-03-01,LAUTOSA_perc_diff_lag_1,-1.8586843,0
2006-04-01,LAUTOSA_perc_diff_lag_1,6.581595,0
2006-05-01,LAUTOSA_perc_diff_lag_1,-3.8059237,0
2006-06-01,LAUTOSA_perc_diff_lag_1,-0.56334,0
2006-07-01,LAUTOSA_perc_diff_lag_1,6.666661,0
2006-08-01,LAUTOSA_perc_diff_lag_1,-4.8913035,0
2006-09-01,LAUTOSA_perc_diff_lag_1,-0.41557908,0
2006-10-01,LAUTOSA_perc_diff_lag_1,-2.2430935,0
2006-11-01,LAUTOSA_perc_diff_lag_1,-0.9471668,0
2006-12-01,LAUTOSA_perc_diff_lag_1,6.922558,0
2007-01-01,LAUTOSA_perc_diff_lag_1,-2.7333417,0
2007-02-01,LAUTOSA_perc_diff_lag_1,-1.1137006,0
2007-03-01,LAUTOSA_perc_diff_lag_1,-1.833425,0
2007-04-01,LAUTOSA_perc_diff_lag_1,-0.7337224,0
2007-05-01,LAUTOSA_perc_diff_lag_1,5.5100102,0
2007-06-01,LAUTOSA_perc_diff_lag_1,-4.203285,0
2007-07-01,LAUTOSA_perc_diff_lag_1,-4.1350865,0
2007-08-01,LAUTOSA_perc_diff_lag_1,1.4424423,0
2007-09-01,LAUTOSA_perc_diff_lag_1,2.843857,0
2007-10-01,LAUTOSA_perc_diff_lag_1,0.03988646,0
2007-11-01,LAUTOSA_perc_diff_lag_1,5.063123,0
2007-12-01,LAUTOSA_perc_diff_lag_1,-3.832532,0
2008-01-01,LAUTOSA_perc_diff_lag_1,-2.4069457,0
2008-02-01,LAUTOSA_perc_diff_lag_1,-2.3854454,0
2008-03-01,LAUTOSA_perc_diff_lag_1,0.5660623,0
2008-04-01,LAUTOSA_perc_diff_lag_1,0.5766103,0
2008-05-01,LAUTOSA_perc_diff_lag_1,8.626808,0
2008-06-01,LAUTOSA_perc_diff_lag_1,-2.8399134,0
2008-07-01,LAUTOSA_perc_diff_lag_1,-9.169686,0
2008-08-01,LAUTOSA_perc_diff_lag_1,-1.8225799,0
2008-09-01,LAUTOSA_perc_diff_lag_1,-7.3821583,0
2008-10-01,LAUTOSA_perc_diff_lag_1,-10.83621,0
2008-11-01,LAUTOSA_perc_diff_lag_1,-10.045654,0
2008-12-01,LAUTOSA_perc_diff_lag_1,0.5076053,0
2009-01-01,LAUTOSA_perc_diff_lag_1,-11.169383,0
2009-02-01,LAUTOSA_perc_diff_lag_1,-2.3179522,0
2009-03-01,LAUTOSA_perc_diff_lag_1,7.4770565,0
2009-04-01,LAUTOSA_perc_diff_lag_1,-3.2493258,0
2009-05-01,LAUTOSA_perc_diff_lag_1,6.8676047,0
2009-06-01,LAUTOSA_perc_diff_lag_1,3.9887176,0
2009-07-01,LAUTOSA_perc_diff_lag_1,20.960863,0
2009-08-01,LAUTOSA_perc_diff_lag_1,31.406149,0
2009-09-01,LAUTOSA_perc_diff_lag_1,-38.976234,0
2009-10-01,LAUTOSA_perc_diff_lag_1,7.9888177,0
2009-11-01,LAUTOSA_perc_diff_lag_1,2.533754,0
2009-12-01,LAUTOSA_perc_diff_lag_1,4.617605,0
2010-01-01,LAUTOSA_perc_diff_lag_1,-6.6034546,0
2010-02-01,LAUTOSA_perc_diff_lag_1,-5.9073234,0
2010-03-01,LAUTOSA_perc_diff_lag_1,10.496367,0
2010-04-01,LAUTOSA_perc_diff_lag_1,-2.6278367,0
2010-05-01,LAUTOSA_perc_diff_lag_1,4.3763633,0
2010-06-01,LAUTOSA_perc_diff_lag_1,-1.5548524,0
2010-07-01,LAUTOSA_perc_diff_lag_1,1.827856,0
2010-08-01,LAUTOSA_perc_diff_lag_1,0.836526,0
2010-09-01,LAUTOSA_perc_diff_lag_1,-0.4666428,0
2010-10-01,LAUTOSA_perc_diff_lag_1,0.08682262,0
2010-11-01,LAUTOSA_perc_diff_lag_1,-1.7349046,0
2010-12-01,LAUTOSA_perc_diff_lag_1,4.661016,0
2011-01-01,LAUTOSA_perc_diff_lag_1,-2.1592407,0
2011-02-01,LAUTOSA_perc_diff_lag_1,7.620688,0
2011-03-01,LAUTOSA_perc_diff_lag_1,4.91829,0
2011-04-01,LAUTOSA_perc_diff_lag_1,-0.5649672,0
2011-05-01,LAUTOSA_perc_diff_lag_1,-9.613021,0
2011-06-01,LAUTOSA_perc_diff_lag_1,-3.6187613,0
2011-07-01,LAUTOSA_perc_diff_lag_1,1.8156208,0
2011-08-01,LAUTOSA_perc_diff_lag_1,-0.79639894,0
2011-09-01,LAUTOSA_perc_diff_lag_1,4.1535764,0
2011-10-01,LAUTOSA_perc_diff_lag_1,6.9202433,0
2011-11-01,LAUTOSA_perc_diff_lag_1,-0.9873092,0
2011-12-01,LAUTOSA_perc_diff_lag_1,-0.5539704,0
2012-01-01,LAUTOSA_perc_diff_lag_1,12.589525,0
2012-02-01,LAUTOSA_perc_diff_lag_1,8.6514,0
2012-03-01,LAUTOSA_perc_diff_lag_1,-4.449649,0
2012-04-01,LAUTOSA_perc_diff_lag_1,-0.25871533,0
2012-05-01,LAUTOSA_perc_diff_lag_1,-4.668942,0
2012-06-01,LAUTOSA_perc_diff_lag_1,-1.1599578,0
2012-07-01,LAUTOSA_perc_diff_lag_1,0.20283887,0
2012-08-01,LAUTOSA_perc_diff_lag_1,1.2724161,0
2012-09-01,LAUTOSA_perc_diff_lag_1,5.3398,0
2012-10-01,LAUTOSA_perc_diff_lag_1,-1.5315793,0
2012-11-01,LAUTOSA_perc_diff_lag_1,3.9091525,0
2012-12-01,LAUTOSA_perc_diff_lag_1,-0.33116466,0
2013-01-01,LAUTOSA_perc_diff_lag_1,3.987237,0
2013-02-01,LAUTOSA_perc_diff_lag_1,-0.8179915,0
2013-03-01,LAUTOSA_perc_diff_lag_1,-3.5180442,0
2013-04-01,LAUTOSA_perc_diff_lag_1,-0.12020602,0
2013-05-01,LAUTOSA_perc_diff_lag_1,-0.5215303,0
2013-06-01,LAUTOSA_perc_diff_lag_1,2.7019725,0
2013-07-01,LAUTOSA_perc_diff_lag_1,0.30105028,0
2013-08-01,LAUTOSA_perc_diff_lag_1,-0.65248847,0
2013-09-01,LAUTOSA_perc_diff_lag_1,-0.15762621,0
2013-10-01,LAUTOSA_perc_diff_lag_1,-1.933954,0
2013-11-01,LAUTOSA_perc_diff_lag_1,1.7574463,0
2013-12-01,LAUTOSA_perc_diff_lag_1,-1.2392863,0
2014-01-01,LAUTOSA_perc_diff_lag_1,-3.8846664,0
2014-02-01,LAUTOSA_perc_diff_lag_1,0.73611075,0
2014-03-01,LAUTOSA_perc_diff_lag_1,6.0113106,0
2014-04-01,LAUTOSA_perc_diff_lag_1,-1.4826417,0
2014-05-01,LAUTOSA_perc_diff_lag_1,3.1419194,0
2014-06-01,LAUTOSA_perc_diff_lag_1,4.5053086,0
2014-07-01,LAUTOSA_perc_diff_lag_1,-2.8903866,0
2014-08-01,LAUTOSA_perc_diff_lag_1,1.7404526,0
2014-09-01,LAUTOSA_perc_diff_lag_1,-5.4667215,0
2014-10-01,LAUTOSA_perc_diff_lag_1,0.47207254,0
2014-11-01,LAUTOSA_perc_diff_lag_1,-0.3393373,0
2014-12-01,LAUTOSA_perc_diff_lag_1,3.2215796,0
2015-01-01,LAUTOSA_perc_diff_lag_1,-6.343568,0
2015-02-01,LAUTOSA_perc_diff_lag_1,-2.3977249,0
2015-03-01,LAUTOSA_perc_diff_lag_1,7.9111753,0
2015-04-01,LAUTOSA_perc_diff_lag_1,-3.4855294,0
2015-05-01,LAUTOSA_perc_diff_lag_1,3.0783575,0
2015-06-01,LAUTOSA_perc_diff_lag_1,-0.9437615,0
2015-07-01,LAUTOSA_perc_diff_lag_1,0.30017963,0
2015-08-01,LAUTOSA_perc_diff_lag_1,0.37736216,0
2015-09-01,LAUTOSA_perc_diff_lag_1,-2.5019486,0
2015-10-01,LAUTOSA_perc_diff_lag_1,0.46536797,0
2015-11-01,LAUTOSA_perc_diff_lag_1,-2.4086838,0
2015-12-01,LAUTOSA_perc_diff_lag_1,-3.8649287,0
2016-01-01,LAUTOSA_perc_diff_lag_1,1.2977854,0
2016-02-01,LAUTOSA_perc_diff_lag_1,-0.25066322,0
2016-03-01,LAUTOSA_perc_diff_lag_1,-3.867094,0
2016-04-01,LAUTOSA_perc_diff_lag_1,-0.71159256,0
2016-05-01,LAUTOSA_perc_diff_lag_1,0.6728098,0
2016-06-01,LAUTOSA_perc_diff_lag_1,-0.929829,0
2016-07-01,LAUTOSA_perc_diff_lag_1,0.8359021,0
2016-08-01,LAUTOSA_perc_diff_lag_1,-1.3089027,0
2016-09-01,LAUTOSA_perc_diff_lag_1,1.8567699,0
2016-10-01,LAUTOSA_perc_diff_lag_1,-3.7471108,0
2016-11-01,LAUTOSA_perc_diff_lag_1,0.4208681,0
2016-12-01,LAUTOSA_perc_diff_lag_1,1.6913623,0
2017-01-01,LAUTOSA_perc_diff_lag_1,-7.801004,0
2017-02-01,LAUTOSA_perc_diff_lag_1,0.079823025,0
2017-03-01,LAUTOSA_perc_diff_lag_1,-2.3129683,0
2017-04-01,LAUTOSA_perc_diff_lag_1,1.5022862,0
2017-05-01,LAUTOSA_perc_diff_lag_1,-2.9279304,0
2017-06-01,LAUTOSA_perc_diff_lag_1,-3.0328155,0
2017-07-01,LAUTOSA_perc_diff_lag_1,1.8116553,0
2017-08-01,LAUTOSA_perc_diff_lag_1,-0.13429406,0
2017-09-01,LAUTOSA_perc_diff_lag_1,6.942345,0
2017-10-01,LAUTOSA_perc_diff_lag_1,-2.1691294,0
2017-11-01,LAUTOSA_perc_diff_lag_1,-3.3901024,0
2017-12-01,LAUTOSA_perc_diff_lag_1,-5.055711,0
2018-01-01,LAUTOSA_perc_diff_lag_1,-4.3965654,0
2018-02-01,LAUTOSA_perc_diff_lag_1,0.8061501,0
2018-03-01,LAUTOSA_perc_diff_lag_1,-2.4354749,0
2018-04-01,LAUTOSA_perc_diff_lag_1,-0.83830243,0
2018-05-01,LAUTOSA_perc_diff_lag_1,0.9768936,0
2018-06-01,LAUTOSA_perc_diff_lag_1,-2.7906995,0
2018-07-01,LAUTOSA_perc_diff_lag_1,-0.9952162,0
2018-08-01,LAUTOSA_perc_diff_lag_1,-2.2037473,0
2018-09-01,LAUTOSA_perc_diff_lag_1,3.1824427,0
2018-10-01,LAUTOSA_perc_diff_lag_1,6.609201,0
2018-11-01,LAUTOSA_perc_diff_lag_1,-6.181489,0
2018-12-01,LAUTOSA_perc_diff_lag_1,-1.3024385,0
2019-01-01,LAUTOSA_perc_diff_lag_1,1.8241867,0
2019-02-01,LAUTOSA_perc_diff_lag_1,-8.7097435,0
2019-03-01,LAUTOSA_perc_diff_lag_1,3.820461,0
2019-04-01,LAUTOSA_perc_diff_lag_1,-3.4385684,0
2019-05-01,LAUTOSA_perc_diff_lag_1,-0.35402328,0
2019-06-01,LAUTOSA_perc_diff_lag_1,1.8390868,0
2019-07-01,LAUTOSA_perc_diff_lag_1,-4.6378064,0
2019-08-01,LAUTOSA_perc_diff_lag_1,-1.3987532,0
2019-09-01,LAUTOSA_perc_diff_lag_1,0.04365631,0
2019-10-01,LAUTOSA_perc_diff_lag_1,-3.5558486,0
2019-11-01,LAUTOSA_perc_diff_lag_1,-0.38453287,0
2019-12-01,LAUTOSA_perc_diff_lag_1,1.5667632,0
2020-01-01,LAUTOSA_perc_diff_lag_1,-2.5486217,0
2020-02-01,LAUTOSA_perc_diff_lag_1,-2.248223,0
2020-03-01,LAUTOSA_perc_diff_lag_1,-31.940859,0
2020-04-01,LAUTOSA_perc_diff_lag_1,-32.000004,0
2020-05-01,LAUTOSA_perc_diff_lag_1,35.446247,0
2020-06-01,LAUTOSA_perc_diff_lag_1,8.049417,0
2020-07-01,LAUTOSA_perc_diff_lag_1,20.686075,0
2020-08-01,LAUTOSA_perc_diff_lag_1,1.4642515,0
2000-01-01,LNS12026620_diff_lag_1,0.0,0
2000-02-01,LNS12026620_diff_lag_1,-0.20000029,0
2000-03-01,LNS12026620_diff_lag_1,0.0,0
2000-04-01,LNS12026620_diff_lag_1,0.099999905,0
2000-05-01,LNS12026620_diff_lag_1,-0.099999905,0
2000-06-01,LNS12026620_diff_lag_1,-0.19999981,0
2000-07-01,LNS12026620_diff_lag_1,0.19999981,0
2000-08-01,LNS12026620_diff_lag_1,-0.099999905,0
2000-09-01,LNS12026620_diff_lag_1,0.0,0
2000-10-01,LNS12026620_diff_lag_1,-0.099999905,0
2000-11-01,LNS12026620_diff_lag_1,0.0,0
2000-12-01,LNS12026620_diff_lag_1,0.099999905,0
2001-01-01,LNS12026620_diff_lag_1,-0.19999981,0
2001-02-01,LNS12026620_diff_lag_1,0.19999981,0
2001-03-01,LNS12026620_diff_lag_1,0.0,0
2001-04-01,LNS12026620_diff_lag_1,-0.099999905,0
2001-05-01,LNS12026620_diff_lag_1,0.099999905,0
2001-06-01,LNS12026620_diff_lag_1,0.0,0
2001-07-01,LNS12026620_diff_lag_1,0.0,0
2001-08-01,LNS12026620_diff_lag_1,-0.099999905,0
2001-09-01,LNS12026620_diff_lag_1,-0.099999905,0
2001-10-01,LNS12026620_diff_lag_1,-0.10000038,0
2001-11-01,LNS12026620_diff_lag_1,0.0,0
2001-12-01,LNS12026620_diff_lag_1,0.0,0
2002-01-01,LNS12026620_diff_lag_1,0.10000038,0
2002-02-01,LNS12026620_diff_lag_1,0.099999905,0
2002-03-01,LNS12026620_diff_lag_1,0.0,0
2002-04-01,LNS12026620_diff_lag_1,0.099999905,0
2002-05-01,LNS12026620_diff_lag_1,-0.19999981,0
2002-06-01,LNS12026620_diff_lag_1,0.099999905,0
2002-07-01,LNS12026620_diff_lag_1,-0.099999905,0
2002-08-01,LNS12026620_diff_lag_1,0.0,0
2002-09-01,LNS12026620_diff_lag_1,0.0,0
2002-10-01,LNS12026620_diff_lag_1,-0.10000038,0
2002-11-01,LNS12026620_diff_lag_1,0.10000038,0
2002-12-01,LNS12026620_diff_lag_1,0.099999905,0
2003-01-01,LNS12026620_diff_lag_1,-0.099999905,0
2003-02-01,LNS12026620_diff_lag_1,0.099999905,0
2003-03-01,LNS12026620_diff_lag_1,-0.099999905,0
2003-04-01,LNS12026620_diff_lag_1,0.0,0
2003-05-01,LNS12026620_diff_lag_1,0.099999905,0
2003-06-01,LNS12026620_diff_lag_1,0.0,0
2003-07-01,LNS12026620_diff_lag_1,-0.099999905,0
2003-08-01,LNS12026620_diff_lag_1,0.19999981,0
2003-09-01,LNS12026620_diff_lag_1,-0.3000002,0
2003-10-01,LNS12026620_diff_lag_1,0.10000038,0
2003-11-01,LNS12026620_diff_lag_1,0.0,0
2003-12-01,LNS12026620_diff_lag_1,-0.20000029,0
2004-01-01,LNS12026620_diff_lag_1,0.20000029,0
2004-02-01,LNS12026620_diff_lag_1,-0.10000038,0
2004-03-01,LNS12026620_diff_lag_1,0.10000038,0
2004-04-01,LNS12026620_diff_lag_1,0.0,0
2004-05-01,LNS12026620_diff_lag_1,0.0,0
2004-06-01,LNS12026620_diff_lag_1,0.0,0
2004-07-01,LNS12026620_diff_lag_1,0.099999905,0
2004-08-01,LNS12026620_diff_lag_1,0.099999905,0
2004-09-01,LNS12026620_diff_lag_1,-0.099999905,0
2004-10-01,LNS12026620_diff_lag_1,0.19999981,0
2004-11-01,LNS12026620_diff_lag_1,-0.19999981,0
2004-12-01,LNS12026620_diff_lag_1,0.099999905,0
2005-01-01,LNS12026620_diff_lag_1,-0.19999981,0
2005-02-01,LNS12026620_diff_lag_1,0.099999905,0
2005-03-01,LNS12026620_diff_lag_1,0.0,0
2005-04-01,LNS12026620_diff_lag_1,-0.099999905,0
2005-05-01,LNS12026620_diff_lag_1,-0.10000038,0
2005-06-01,LNS12026620_diff_lag_1,0.3000002,0
2005-07-01,LNS12026620_diff_lag_1,-0.19999981,0
2005-08-01,LNS12026620_diff_lag_1,0.0,0
2005-09-01,LNS12026620_diff_lag_1,0.0,0
2005-10-01,LNS12026620_diff_lag_1,0.0,0
2005-11-01,LNS12026620_diff_lag_1,0.0,0
2005-12-01,LNS12026620_diff_lag_1,0.0,0
2006-01-01,LNS12026620_diff_lag_1,0.0,0
2006-02-01,LNS12026620_diff_lag_1,-0.10000038,0
2006-03-01,LNS12026620_diff_lag_1,0.0,0
2006-04-01,LNS12026620_diff_lag_1,-0.099999905,0
2006-05-01,LNS12026620_diff_lag_1,0.20000029,0
2006-06-01,LNS12026620_diff_lag_1,-0.20000029,0
2006-07-01,LNS12026620_diff_lag_1,0.099999905,0
2006-08-01,LNS12026620_diff_lag_1,0.0,0
2006-09-01,LNS12026620_diff_lag_1,0.10000038,0
2006-10-01,LNS12026620_diff_lag_1,-0.10000038,0
2006-11-01,LNS12026620_diff_lag_1,0.10000038,0
2006-12-01,LNS12026620_diff_lag_1,0.099999905,0
2007-01-01,LNS12026620_diff_lag_1,-0.099999905,0
2007-02-01,LNS12026620_diff_lag_1,0.0,0
2007-03-01,LNS12026620_diff_lag_1,0.0,0
2007-04-01,LNS12026620_diff_lag_1,0.099999905,0
2007-05-01,LNS12026620_diff_lag_1,-0.099999905,0
2007-06-01,LNS12026620_diff_lag_1,-0.10000038,0
2007-07-01,LNS12026620_diff_lag_1,0.0,0
2007-08-01,LNS12026620_diff_lag_1,0.0,0
2007-09-01,LNS12026620_diff_lag_1,0.0,0
2007-10-01,LNS12026620_diff_lag_1,0.0,0
2007-11-01,LNS12026620_diff_lag_1,0.0,0
2007-12-01,LNS12026620_diff_lag_1,0.0,0
2008-01-01,LNS12026620_diff_lag_1,0.0,0
2008-02-01,LNS12026620_diff_lag_1,0.0,0
2008-03-01,LNS12026620_diff_lag_1,-0.099999905,0
2008-04-01,LNS12026620_diff_lag_1,0.099999905,0
2008-05-01,LNS12026620_diff_lag_1,0.0,0
2008-06-01,LNS12026620_diff_lag_1,0.10000038,0
2008-07-01,LNS12026620_diff_lag_1,0.0,0
2008-08-01,LNS12026620_diff_lag_1,0.2999997,0
2008-09-01,LNS12026620_diff_lag_1,-0.2999997,0
2008-10-01,LNS12026620_diff_lag_1,0.0,0
2008-11-01,LNS12026620_diff_lag_1,-0.10000038,0
2008-12-01,LNS12026620_diff_lag_1,0.0,0
2009-01-01,LNS12026620_diff_lag_1,0.10000038,0
2009-02-01,LNS12026620_diff_lag_1,0.0,0
2009-03-01,LNS12026620_diff_lag_1,0.099999905,0
2009-04-01,LNS12026620_diff_lag_1,0.099999905,0
2009-05-01,LNS12026620_diff_lag_1,-0.4000001,0
2009-06-01,LNS12026620_diff_lag_1,0.0,0
2009-07-01,LNS12026620_diff_lag_1,0.099999905,0
2009-08-01,LNS12026620_diff_lag_1,-0.099999905,0
2009-09-01,LNS12026620_diff_lag_1,0.0,0
2009-10-01,LNS12026620_diff_lag_1,0.0,0
2009-11-01,LNS12026620_diff_lag_1,0.0,0
2009-12-01,LNS12026620_diff_lag_1,-0.099999905,0
2010-01-01,LNS12026620_diff_lag_1,0.0,0
2010-02-01,LNS12026620_diff_lag_1,0.099999905,0
2010-03-01,LNS12026620_diff_lag_1,0.0,0
2010-04-01,LNS12026620_diff_lag_1,-0.099999905,0
2010-05-01,LNS12026620_diff_lag_1,0.099999905,0
2010-06-01,LNS12026620_diff_lag_1,-0.099999905,0
2010-07-01,LNS12026620_diff_lag_1,-0.19999981,0
2010-08-01,LNS12026620_diff_lag_1,0.099999905,0
2010-09-01,LNS12026620_diff_lag_1,-0.099999905,0
2010-10-01,LNS12026620_diff_lag_1,0.0,0
2010-11-01,LNS12026620_diff_lag_1,0.0,0
2010-12-01,LNS12026620_diff_lag_1,0.19999981,0
2011-01-01,LNS12026620_diff_lag_1,-0.099999905,0
2011-02-01,LNS12026620_diff_lag_1,-0.099999905,0
2011-03-01,LNS12026620_diff_lag_1,0.0,0
2011-04-01,LNS12026620_diff_lag_1,0.099999905,0
2011-05-01,LNS12026620_diff_lag_1,0.0,0
2011-06-01,LNS12026620_diff_lag_1,0.099999905,0
2011-07-01,LNS12026620_diff_lag_1,-0.099999905,0
2011-08-01,LNS12026620_diff_lag_1,0.099999905,0
2011-09-01,LNS12026620_diff_lag_1,0.0,0
2011-10-01,LNS12026620_diff_lag_1,-0.099999905,0
2011-11-01,LNS12026620_diff_lag_1,0.0,0
2011-12-01,LNS12026620_diff_lag_1,0.099999905,0
2012-01-01,LNS12026620_diff_lag_1,0.0,0
2012-02-01,LNS12026620_diff_lag_1,-0.099999905,0
2012-03-01,LNS12026620_diff_lag_1,0.0,0
2012-04-01,LNS12026620_diff_lag_1,0.0,0
2012-05-01,LNS12026620_diff_lag_1,0.0,0
2012-06-01,LNS12026620_diff_lag_1,-0.099999905,0
2012-07-01,LNS12026620_diff_lag_1,0.099999905,0
2012-08-01,LNS12026620_diff_lag_1,0.0,0
2012-09-01,LNS12026620_diff_lag_1,-0.099999905,0
2012-10-01,LNS12026620_diff_lag_1,0.0,0
2012-11-01,LNS12026620_diff_lag_1,0.099999905,0
2012-12-01,LNS12026620_diff_lag_1,0.0,0
2013-01-01,LNS12026620_diff_lag_1,-0.099999905,0
2013-02-01,LNS12026620_diff_lag_1,0.2999997,0
2013-03-01,LNS12026620_diff_lag_1,-0.19999981,0
2013-04-01,LNS12026620_diff_lag_1,0.0,0
2013-05-01,LNS12026620_diff_lag_1,-0.099999905,0
2013-06-01,LNS12026620_diff_lag_1,0.099999905,0
2013-07-01,LNS12026620_diff_lag_1,0.0,0
2013-08-01,LNS12026620_diff_lag_1,0.0,0
2013-09-01,LNS12026620_diff_lag_1,-0.099999905,0
2013-10-01,LNS12026620_diff_lag_1,0.0,0
2013-11-01,LNS12026620_diff_lag_1,-0.10000038,0
2013-12-01,LNS12026620_diff_lag_1,0.0,0
2014-01-01,LNS12026620_diff_lag_1,0.0,0
2014-02-01,LNS12026620_diff_lag_1,0.10000038,0
2014-03-01,LNS12026620_diff_lag_1,0.0,0
2014-04-01,LNS12026620_diff_lag_1,0.099999905,0
2014-05-01,LNS12026620_diff_lag_1,0.0,0
2014-06-01,LNS12026620_diff_lag_1,0.0,0
2014-07-01,LNS12026620_diff_lag_1,-0.099999905,0
2014-08-01,LNS12026620_diff_lag_1,0.099999905,0
2014-09-01,LNS12026620_diff_lag_1,0.0,0
2014-10-01,LNS12026620_diff_lag_1,0.2999997,0
2014-11-01,LNS12026620_diff_lag_1,-0.19999981,0
2014-12-01,LNS12026620_diff_lag_1,-0.099999905,0
2015-01-01,LNS12026620_diff_lag_1,0.099999905,0
2015-02-01,LNS12026620_diff_lag_1,-0.19999981,0
2015-03-01,LNS12026620_diff_lag_1,0.0,0
2015-04-01,LNS12026620_diff_lag_1,-0.10000038,0
2015-05-01,LNS12026620_diff_lag_1,0.0,0
2015-06-01,LNS12026620_diff_lag_1,0.10000038,0
2015-07-01,LNS12026620_diff_lag_1,0.099999905,0
2015-08-01,LNS12026620_diff_lag_1,-0.099999905,0
2015-09-01,LNS12026620_diff_lag_1,0.099999905,0
2015-10-01,LNS12026620_diff_lag_1,0.099999905,0
2015-11-01,LNS12026620_diff_lag_1,-0.099999905,0
2015-12-01,LNS12026620_diff_lag_1,0.2999997,0
2016-01-01,LNS12026620_diff_lag_1,-0.2999997,0
2016-02-01,LNS12026620_diff_lag_1,-0.099999905,0
2016-03-01,LNS12026620_diff_lag_1,0.099999905,0
2016-04-01,LNS12026620_diff_lag_1,0.0,0
2016-05-01,LNS12026620_diff_lag_1,0.0,0
2016-06-01,LNS12026620_diff_lag_1,-0.099999905,0
2016-07-01,LNS12026620_diff_lag_1,0.099999905,0
2016-08-01,LNS12026620_diff_lag_1,0.099999905,0
2016-09-01,LNS12026620_diff_lag_1,0.19999981,0
2016-10-01,LNS12026620_diff_lag_1,0.0,0
2016-11-01,LNS12026620_diff_lag_1,0.0,0
2016-12-01,LNS12026620_diff_lag_1,-0.19999981,0
2017-01-01,LNS12026620_diff_lag_1,-0.099999905,0
2017-02-01,LNS12026620_diff_lag_1,0.19999981,0
2017-03-01,LNS12026620_diff_lag_1,0.099999905,0
2017-04-01,LNS12026620_diff_lag_1,-0.19999981,0
2017-05-01,LNS12026620_diff_lag_1,0.0,0
2017-06-01,LNS12026620_diff_lag_1,0.0,0
2017-07-01,LNS12026620_diff_lag_1,-0.099999905,0
2017-08-01,LNS12026620_diff_lag_1,-0.20000029,0
2017-09-01,LNS12026620_diff_lag_1,0.10000038,0
2017-10-01,LNS12026620_diff_lag_1,-0.10000038,0
2017-11-01,LNS12026620_diff_lag_1,0.10000038,0
2017-12-01,LNS12026620_diff_lag_1,0.19999981,0
2018-01-01,LNS12026620_diff_lag_1,0.099999905,0
2018-02-01,LNS12026620_diff_lag_1,0.0,0
2018-03-01,LNS12026620_diff_lag_1,-0.19999981,0
2018-04-01,LNS12026620_diff_lag_1,0.099999905,0
2018-05-01,LNS12026620_diff_lag_1,-0.19999981,0
2018-06-01,LNS12026620_diff_lag_1,0.099999905,0
2018-07-01,LNS12026620_diff_lag_1,0.19999981,0
2018-08-01,LNS12026620_diff_lag_1,-0.099999905,0
2018-09-01,LNS12026620_diff_lag_1,-0.099999905,0
2018-10-01,LNS12026620_diff_lag_1,0.099999905,0
2018-11-01,LNS12026620_diff_lag_1,-0.099999905,0
2018-12-01,LNS12026620_diff_lag_1,0.099999905,0
2019-01-01,LNS12026620_diff_lag_1,0.0,0
2019-02-01,LNS12026620_diff_lag_1,-0.099999905,0
2019-03-01,LNS12026620_diff_lag_1,0.099999905,0
2019-04-01,LNS12026620_diff_lag_1,0.0,0
2019-05-01,LNS12026620_diff_lag_1,0.099999905,0
2019-06-01,LNS12026620_diff_lag_1,0.099999905,0
2019-07-01,LNS12026620_diff_lag_1,0.10000038,0
2019-08-01,LNS12026620_diff_lag_1,0.0,0
2019-09-01,LNS12026620_diff_lag_1,0.0,0
2019-10-01,LNS12026620_diff_lag_1,-0.20000029,0
2019-11-01,LNS12026620_diff_lag_1,0.0,0
2019-12-01,LNS12026620_diff_lag_1,-0.099999905,0
2020-01-01,LNS12026620_diff_lag_1,0.099999905,0
2020-02-01,LNS12026620_diff_lag_1,0.0,0
2020-03-01,LNS12026620_diff_lag_1,-0.4000001,0
2020-04-01,LNS12026620_diff_lag_1,-0.5999999,0
2020-05-01,LNS12026620_diff_lag_1,0.0,0
2020-06-01,LNS12026620_diff_lag_1,0.3000002,0
2020-07-01,LNS12026620_diff_lag_1,0.19999981,0
2020-08-01,LNS12026620_diff_lag_1,0.0,0
2000-01-01,LNU02000000_perc_diff_lag_1,0.16036111,0
2000-02-01,LNU02000000_perc_diff_lag_1,0.42842743,0
2000-03-01,LNU02000000_perc_diff_lag_1,0.4162669,0
2000-04-01,LNU02000000_perc_diff_lag_1,0.641657,0
2000-05-01,LNU02000000_perc_diff_lag_1,-0.1767365,0
2000-06-01,LNU02000000_perc_diff_lag_1,0.8998793,0
2000-07-01,LNU02000000_perc_diff_lag_1,-0.105862305,0
2000-08-01,LNU02000000_perc_diff_lag_1,-0.3346181,0
2000-09-01,LNU02000000_perc_diff_lag_1,-0.37725407,0
2000-10-01,LNU02000000_perc_diff_lag_1,0.5424373,0
2000-11-01,LNU02000000_perc_diff_lag_1,-0.05162435,0
2000-12-01,LNU02000000_perc_diff_lag_1,0.28007945,0
2001-01-01,LNU02000000_perc_diff_lag_1,-1.2078696,0
2001-02-01,LNU02000000_perc_diff_lag_1,0.29078946,0
2001-03-01,LNU02000000_perc_diff_lag_1,0.42320448,0
2001-04-01,LNU02000000_perc_diff_lag_1,-0.09697058,0
2001-05-01,LNU02000000_perc_diff_lag_1,0.07225117,0
2001-06-01,LNU02000000_perc_diff_lag_1,0.44923827,0
2001-07-01,LNU02000000_perc_diff_lag_1,0.3644627,0
2001-08-01,LNU02000000_perc_diff_lag_1,-1.0344404,0
2001-09-01,LNU02000000_perc_diff_lag_1,0.019004598,0
2001-10-01,LNU02000000_perc_diff_lag_1,0.03654036,0
2001-11-01,LNU02000000_perc_diff_lag_1,-0.3762282,0
2001-12-01,LNU02000000_perc_diff_lag_1,-0.07406321,0
2002-01-01,LNU02000000_perc_diff_lag_1,-1.5351988,0
2002-02-01,LNU02000000_perc_diff_lag_1,0.94352984,0
2002-03-01,LNU02000000_perc_diff_lag_1,0.08490656,0
2002-04-01,LNU02000000_perc_diff_lag_1,0.2545036,0
2002-05-01,LNU02000000_perc_diff_lag_1,0.48269722,0
2002-06-01,LNU02000000_perc_diff_lag_1,0.45548078,0
2002-07-01,LNU02000000_perc_diff_lag_1,0.22889467,0
2002-08-01,LNU02000000_perc_diff_lag_1,-0.14545983,0
2002-09-01,LNU02000000_perc_diff_lag_1,0.059725408,0
2002-10-01,LNU02000000_perc_diff_lag_1,0.12665875,0
2002-11-01,LNU02000000_perc_diff_lag_1,-0.63031167,0
2002-12-01,LNU02000000_perc_diff_lag_1,-0.062187236,0
2003-01-01,LNU02000000_perc_diff_lag_1,-0.5065923,0
2003-02-01,LNU02000000_perc_diff_lag_1,0.38702938,0
2003-03-01,LNU02000000_perc_diff_lag_1,0.2565362,0
2003-04-01,LNU02000000_perc_diff_lag_1,0.4686255,0
2003-05-01,LNU02000000_perc_diff_lag_1,0.10405751,0
2003-06-01,LNU02000000_perc_diff_lag_1,0.6549536,0
2003-07-01,LNU02000000_perc_diff_lag_1,0.025276598,0
2003-08-01,LNU02000000_perc_diff_lag_1,-0.2642542,0
2003-09-01,LNU02000000_perc_diff_lag_1,-0.29391113,0
2003-10-01,LNU02000000_perc_diff_lag_1,0.64473504,0
2003-11-01,LNU02000000_perc_diff_lag_1,0.058433548,0
2003-12-01,LNU02000000_perc_diff_lag_1,-0.103821196,0
2004-01-01,LNU02000000_perc_diff_lag_1,-1.1778631,0
2004-02-01,LNU02000000_perc_diff_lag_1,0.3359528,0
2004-03-01,LNU02000000_perc_diff_lag_1,0.22346124,0
2004-04-01,LNU02000000_perc_diff_lag_1,0.53162515,0
2004-05-01,LNU02000000_perc_diff_lag_1,0.32075596,0
2004-06-01,LNU02000000_perc_diff_lag_1,0.71579283,0
2004-07-01,LNU02000000_perc_diff_lag_1,0.5998813,0
2004-08-01,LNU02000000_perc_diff_lag_1,-0.336887,0
2004-09-01,LNU02000000_perc_diff_lag_1,-0.4171837,0
2004-10-01,LNU02000000_perc_diff_lag_1,0.5771944,0
2004-11-01,LNU02000000_perc_diff_lag_1,0.095409654,0
2004-12-01,LNU02000000_perc_diff_lag_1,-0.2155341,0
2005-01-01,LNU02000000_perc_diff_lag_1,-1.1377407,0
2005-02-01,LNU02000000_perc_diff_lag_1,0.30140898,0
2005-03-01,LNU02000000_perc_diff_lag_1,0.4737599,0
2005-04-01,LNU02000000_perc_diff_lag_1,0.8443106,0
2005-05-01,LNU02000000_perc_diff_lag_1,0.4626115,0
2005-06-01,LNU02000000_perc_diff_lag_1,0.6109145,0
2005-07-01,LNU02000000_perc_diff_lag_1,0.5805301,0
2005-08-01,LNU02000000_perc_diff_lag_1,-0.09840665,0
2005-09-01,LNU02000000_perc_diff_lag_1,-0.39331573,0
2005-10-01,LNU02000000_perc_diff_lag_1,0.5337392,0
2005-11-01,LNU02000000_perc_diff_lag_1,-0.25952283,0
2005-12-01,LNU02000000_perc_diff_lag_1,-0.03497286,0
2006-01-01,LNU02000000_perc_diff_lag_1,-1.0054717,0
2006-02-01,LNU02000000_perc_diff_lag_1,0.36259285,0
2006-03-01,LNU02000000_perc_diff_lag_1,0.54791045,0
2006-04-01,LNU02000000_perc_diff_lag_1,0.44336423,0
2006-05-01,LNU02000000_perc_diff_lag_1,0.44349918,0
2006-06-01,LNU02000000_perc_diff_lag_1,0.81574,0
2006-07-01,LNU02000000_perc_diff_lag_1,0.26856545,0
2006-08-01,LNU02000000_perc_diff_lag_1,-0.15590017,0
2006-09-01,LNU02000000_perc_diff_lag_1,-0.25381932,0
2006-10-01,LNU02000000_perc_diff_lag_1,0.7689125,0
2006-11-01,LNU02000000_perc_diff_lag_1,-0.075962365,0
2006-12-01,LNU02000000_perc_diff_lag_1,0.04588601,0
2007-01-01,LNU02000000_perc_diff_lag_1,-1.2363003,0
2007-02-01,LNU02000000_perc_diff_lag_1,0.14139664,0
2007-03-01,LNU02000000_perc_diff_lag_1,0.58416796,0
2007-04-01,LNU02000000_perc_diff_lag_1,-0.01789118,0
2007-05-01,LNU02000000_perc_diff_lag_1,0.3902352,0
2007-06-01,LNU02000000_perc_diff_lag_1,0.7500137,0
2007-07-01,LNU02000000_perc_diff_lag_1,0.24292655,0
2007-08-01,LNU02000000_perc_diff_lag_1,-0.6170451,0
2007-09-01,LNU02000000_perc_diff_lag_1,0.028687349,0
2007-10-01,LNU02000000_perc_diff_lag_1,0.20143668,0
2007-11-01,LNU02000000_perc_diff_lag_1,0.2555488,0
2007-12-01,LNU02000000_perc_diff_lag_1,-0.5329056,0
2008-01-01,LNU02000000_perc_diff_lag_1,-1.1801769,0
2008-02-01,LNU02000000_perc_diff_lag_1,-0.039417177,0
2008-03-01,LNU02000000_perc_diff_lag_1,0.3860256,0
2008-04-01,LNU02000000_perc_diff_lag_1,0.56027234,0
2008-05-01,LNU02000000_perc_diff_lag_1,0.004111814,0
2008-06-01,LNU02000000_perc_diff_lag_1,0.49476793,0
2008-07-01,LNU02000000_perc_diff_lag_1,0.14865427,0
2008-08-01,LNU02000000_perc_diff_lag_1,-0.6522908,0
2008-09-01,LNU02000000_perc_diff_lag_1,-0.41052985,0
2008-10-01,LNU02000000_perc_diff_lag_1,0.16034685,0
2008-11-01,LNU02000000_perc_diff_lag_1,-0.6417347,0
2008-12-01,LNU02000000_perc_diff_lag_1,-0.8706235,0
2009-01-01,LNU02000000_perc_diff_lag_1,-2.0327868,0
2009-02-01,LNU02000000_perc_diff_lag_1,-0.23569456,0
2009-03-01,LNU02000000_perc_diff_lag_1,-0.1941401,0
2009-04-01,LNU02000000_perc_diff_lag_1,0.5384995,0
2009-05-01,LNU02000000_perc_diff_lag_1,-0.15862177,0
2009-06-01,LNU02000000_perc_diff_lag_1,0.32985902,0
2009-07-01,LNU02000000_perc_diff_lag_1,0.16261202,0
2009-08-01,LNU02000000_perc_diff_lag_1,-0.6954734,0
2009-09-01,LNU02000000_perc_diff_lag_1,-0.71033883,0
2009-10-01,LNU02000000_perc_diff_lag_1,0.006471142,0
2009-11-01,LNU02000000_perc_diff_lag_1,0.031634647,0
2009-12-01,LNU02000000_perc_diff_lag_1,-0.84739673,0
2010-01-01,LNU02000000_perc_diff_lag_1,-0.8292679,0
2010-02-01,LNU02000000_perc_diff_lag_1,0.28799275,0
2010-03-01,LNU02000000_perc_diff_lag_1,0.5685007,0
2010-04-01,LNU02000000_perc_diff_lag_1,0.95591486,0
2010-05-01,LNU02000000_perc_diff_lag_1,0.13998364,0
2010-06-01,LNU02000000_perc_diff_lag_1,0.2759916,0
2010-07-01,LNU02000000_perc_diff_lag_1,0.18015184,0
2010-08-01,LNU02000000_perc_diff_lag_1,-0.15342458,0
2010-09-01,LNU02000000_perc_diff_lag_1,-0.14579864,0
2010-10-01,LNU02000000_perc_diff_lag_1,0.024335254,0
2010-11-01,LNU02000000_perc_diff_lag_1,-0.23899992,0
2010-12-01,LNU02000000_perc_diff_lag_1,-0.18362443,0
2011-01-01,LNU02000000_perc_diff_lag_1,-1.1210198,0
2011-02-01,LNU02000000_perc_diff_lag_1,0.35901424,0
2011-03-01,LNU02000000_perc_diff_lag_1,0.62928605,0
2011-04-01,LNU02000000_perc_diff_lag_1,0.5030152,0
2011-05-01,LNU02000000_perc_diff_lag_1,0.26277915,0
2011-06-01,LNU02000000_perc_diff_lag_1,0.07212843,0
2011-07-01,LNU02000000_perc_diff_lag_1,0.18197519,0
2011-08-01,LNU02000000_perc_diff_lag_1,-0.034904264,0
2011-09-01,LNU02000000_perc_diff_lag_1,0.119000964,0
2011-10-01,LNU02000000_perc_diff_lag_1,0.34519082,0
2011-11-01,LNU02000000_perc_diff_lag_1,0.058870677,0
2011-12-01,LNU02000000_perc_diff_lag_1,-0.27574962,0
2012-01-01,LNU02000000_perc_diff_lag_1,-0.52388024,0
2012-02-01,LNU02000000_perc_diff_lag_1,0.52878296,0
2012-03-01,LNU02000000_perc_diff_lag_1,0.5174718,0
2012-04-01,LNU02000000_perc_diff_lag_1,0.41227052,0
2012-05-01,LNU02000000_perc_diff_lag_1,0.5155111,0
2012-06-01,LNU02000000_perc_diff_lag_1,0.3328032,0
2012-07-01,LNU02000000_perc_diff_lag_1,-0.053071886,0
2012-08-01,LNU02000000_perc_diff_lag_1,-0.39685312,0
2012-09-01,LNU02000000_perc_diff_lag_1,0.5436384,0
2012-10-01,LNU02000000_perc_diff_lag_1,0.49255928,0
2012-11-01,LNU02000000_perc_diff_lag_1,-0.34018564,0
2012-12-01,LNU02000000_perc_diff_lag_1,-0.34065023,0
2013-01-01,LNU02000000_perc_diff_lag_1,-1.0107647,0
2013-02-01,LNU02000000_perc_diff_lag_1,0.43357295,0
2013-03-01,LNU02000000_perc_diff_lag_1,0.33045533,0
2013-04-01,LNU02000000_perc_diff_lag_1,0.719001,0
2013-05-01,LNU02000000_perc_diff_lag_1,0.49261084,0
2013-06-01,LNU02000000_perc_diff_lag_1,0.28317824,0
2013-07-01,LNU02000000_perc_diff_lag_1,0.18779214,0
2013-08-01,LNU02000000_perc_diff_lag_1,-0.41622734,0
2013-09-01,LNU02000000_perc_diff_lag_1,0.09826378,0
2013-10-01,LNU02000000_perc_diff_lag_1,-0.3504988,0
2013-11-01,LNU02000000_perc_diff_lag_1,0.4377567,0
2013-12-01,LNU02000000_perc_diff_lag_1,-0.2431359,0
2014-01-01,LNU02000000_perc_diff_lag_1,-0.6210922,0
2014-02-01,LNU02000000_perc_diff_lag_1,0.42361662,0
2014-03-01,LNU02000000_perc_diff_lag_1,0.66327167,0
2014-04-01,LNU02000000_perc_diff_lag_1,0.46660694,0
2014-05-01,LNU02000000_perc_diff_lag_1,0.4328826,0
2014-06-01,LNU02000000_perc_diff_lag_1,0.48224702,0
2014-07-01,LNU02000000_perc_diff_lag_1,0.10944638,0
2014-08-01,LNU02000000_perc_diff_lag_1,-0.41965166,0
2014-09-01,LNU02000000_perc_diff_lag_1,0.20048143,0
2014-10-01,LNU02000000_perc_diff_lag_1,0.6771425,0
2014-11-01,LNU02000000_perc_diff_lag_1,-0.18251136,0
2014-12-01,LNU02000000_perc_diff_lag_1,-0.32234907,0
2015-01-01,LNU02000000_perc_diff_lag_1,-0.43345335,0
2015-02-01,LNU02000000_perc_diff_lag_1,0.38621104,0
2015-03-01,LNU02000000_perc_diff_lag_1,0.35141858,0
2015-04-01,LNU02000000_perc_diff_lag_1,0.64483356,0
2015-05-01,LNU02000000_perc_diff_lag_1,0.51283085,0
2015-06-01,LNU02000000_perc_diff_lag_1,0.19819349,0
2015-07-01,LNU02000000_perc_diff_lag_1,0.05145511,0
2015-08-01,LNU02000000_perc_diff_lag_1,-0.32994482,0
2015-09-01,LNU02000000_perc_diff_lag_1,-0.16618866,0
2015-10-01,LNU02000000_perc_diff_lag_1,0.49402604,0
2015-11-01,LNU02000000_perc_diff_lag_1,0.033396564,0
2015-12-01,LNU02000000_perc_diff_lag_1,-0.042065624,0
2016-01-01,LNU02000000_perc_diff_lag_1,-0.44488087,0
2016-02-01,LNU02000000_perc_diff_lag_1,0.68640673,0
2016-03-01,LNU02000000_perc_diff_lag_1,0.45181927,0
2016-04-01,LNU02000000_perc_diff_lag_1,0.22356673,0
2016-05-01,LNU02000000_perc_diff_lag_1,0.343538,0
2016-06-01,LNU02000000_perc_diff_lag_1,0.26122406,0
2016-07-01,LNU02000000_perc_diff_lag_1,0.2940983,0
2016-08-01,LNU02000000_perc_diff_lag_1,-0.41525352,0
2016-09-01,LNU02000000_perc_diff_lag_1,0.11396274,0
2016-10-01,LNU02000000_perc_diff_lag_1,0.23556197,0
2016-11-01,LNU02000000_perc_diff_lag_1,0.032822397,0
2016-12-01,LNU02000000_perc_diff_lag_1,-0.38520852,0
2017-01-01,LNU02000000_perc_diff_lag_1,-0.83729696,0
2017-02-01,LNU02000000_perc_diff_lag_1,0.70884293,0
2017-03-01,LNU02000000_perc_diff_lag_1,0.68208504,0
2017-04-01,LNU02000000_perc_diff_lag_1,0.41538906,0
2017-05-01,LNU02000000_perc_diff_lag_1,0.09460923,0
2017-06-01,LNU02000000_perc_diff_lag_1,0.44261345,0
2017-07-01,LNU02000000_perc_diff_lag_1,0.24921148,0
2017-08-01,LNU02000000_perc_diff_lag_1,-0.5787532,0
2017-09-01,LNU02000000_perc_diff_lag_1,0.59774965,0
2017-10-01,LNU02000000_perc_diff_lag_1,-0.17541134,0
2017-11-01,LNU02000000_perc_diff_lag_1,-0.027881704,0
2017-12-01,LNU02000000_perc_diff_lag_1,-0.37488648,0
2018-01-01,LNU02000000_perc_diff_lag_1,-0.49087903,0
2018-02-01,LNU02000000_perc_diff_lag_1,1.0173506,0
2018-03-01,LNU02000000_perc_diff_lag_1,0.30698887,0
2018-04-01,LNU02000000_perc_diff_lag_1,0.3041123,0
2018-05-01,LNU02000000_perc_diff_lag_1,0.4254963,0
2018-06-01,LNU02000000_perc_diff_lag_1,0.29229084,0
2018-07-01,LNU02000000_perc_diff_lag_1,0.344486,0
2018-08-01,LNU02000000_perc_diff_lag_1,-0.93309724,0
2018-09-01,LNU02000000_perc_diff_lag_1,0.41918746,0
2018-10-01,LNU02000000_perc_diff_lag_1,0.48722398,0
2018-11-01,LNU02000000_perc_diff_lag_1,0.04013966,0
2018-12-01,LNU02000000_perc_diff_lag_1,-0.3400949,0
2019-01-01,LNU02000000_perc_diff_lag_1,-0.9694468,0
2019-02-01,LNU02000000_perc_diff_lag_1,0.7763093,0
2019-03-01,LNU02000000_perc_diff_lag_1,0.1754532,0
2019-04-01,LNU02000000_perc_diff_lag_1,0.1719498,0
2019-05-01,LNU02000000_perc_diff_lag_1,0.28204966,0
2019-06-01,LNU02000000_perc_diff_lag_1,0.4301568,0
2019-07-01,LNU02000000_perc_diff_lag_1,0.35291582,0
2019-08-01,LNU02000000_perc_diff_lag_1,-0.3592512,0
2019-09-01,LNU02000000_perc_diff_lag_1,0.41947585,0
2019-10-01,LNU02000000_perc_diff_lag_1,0.3716604,0
2019-11-01,LNU02000000_perc_diff_lag_1,-0.07669724,0
2019-12-01,LNU02000000_perc_diff_lag_1,-0.27745447,0
2020-01-01,LNU02000000_perc_diff_lag_1,-0.95265734,0
2020-02-01,LNU02000000_perc_diff_lag_1,0.6516173,0
2020-03-01,LNU02000000_perc_diff_lag_1,-1.8036034,0
2020-04-01,LNU02000000_perc_diff_lag_1,-14.075802,0
2020-05-01,LNU02000000_perc_diff_lag_1,3.1014206,0
2020-06-01,LNU02000000_perc_diff_lag_1,3.892013,0
2020-07-01,LNU02000000_perc_diff_lag_1,1.1770802,0
2020-08-01,LNU02000000_perc_diff_lag_1,1.8907621,0
2000-01-01,LNU02600000_perc_diff_lag_1,0.012689282,0
2000-02-01,LNU02600000_perc_diff_lag_1,0.71473885,0
2000-03-01,LNU02600000_perc_diff_lag_1,0.90702945,0
2000-04-01,LNU02600000_perc_diff_lag_1,-2.138993,0
2000-05-01,LNU02600000_perc_diff_lag_1,-3.108522,0
2000-06-01,LNU02600000_perc_diff_lag_1,-3.8753567,0
2000-07-01,LNU02600000_perc_diff_lag_1,-1.8491462,0
2000-08-01,LNU02600000_perc_diff_lag_1,-1.4467134,0
2000-09-01,LNU02600000_perc_diff_lag_1,6.693099,0
2000-10-01,LNU02600000_perc_diff_lag_1,3.5436206,0
2000-11-01,LNU02600000_perc_diff_lag_1,1.9611194,0
2000-12-01,LNU02600000_perc_diff_lag_1,1.7599732,0
2001-01-01,LNU02600000_perc_diff_lag_1,-1.9477845,0
2001-02-01,LNU02600000_perc_diff_lag_1,1.5203058,0
2001-03-01,LNU02600000_perc_diff_lag_1,-0.8563273,0
2001-04-01,LNU02600000_perc_diff_lag_1,-1.2183927,0
2001-05-01,LNU02600000_perc_diff_lag_1,-2.5808904,0
2001-06-01,LNU02600000_perc_diff_lag_1,-4.205871,0
2001-07-01,LNU02600000_perc_diff_lag_1,-1.2764224,0
2001-08-01,LNU02600000_perc_diff_lag_1,-0.77025354,0
2001-09-01,LNU02600000_perc_diff_lag_1,8.178164,0
2001-10-01,LNU02600000_perc_diff_lag_1,2.6481016,0
2001-11-01,LNU02600000_perc_diff_lag_1,0.27046144,0
2001-12-01,LNU02600000_perc_diff_lag_1,1.8881235,0
2002-01-01,LNU02600000_perc_diff_lag_1,-4.4027205,0
2002-02-01,LNU02600000_perc_diff_lag_1,3.4423995,0
2002-03-01,LNU02600000_perc_diff_lag_1,0.012355848,0
2002-04-01,LNU02600000_perc_diff_lag_1,0.5024091,0
2002-05-01,LNU02600000_perc_diff_lag_1,-1.5775456,0
2002-06-01,LNU02600000_perc_diff_lag_1,-3.5262282,0
2002-07-01,LNU02600000_perc_diff_lag_1,-0.9795883,0
2002-08-01,LNU02600000_perc_diff_lag_1,-2.3402772,0
2002-09-01,LNU02600000_perc_diff_lag_1,5.5111785,0
2002-10-01,LNU02600000_perc_diff_lag_1,1.4253087,0
2002-11-01,LNU02600000_perc_diff_lag_1,1.4094491,0
2002-12-01,LNU02600000_perc_diff_lag_1,0.7072659,0
2003-01-01,LNU02600000_perc_diff_lag_1,1.384182,0
2003-02-01,LNU02600000_perc_diff_lag_1,-1.0189288,0
2003-03-01,LNU02600000_perc_diff_lag_1,1.0985881,0
2003-04-01,LNU02600000_perc_diff_lag_1,0.4346601,0
2003-05-01,LNU02600000_perc_diff_lag_1,-1.486676,0
2003-06-01,LNU02600000_perc_diff_lag_1,-2.6155224,0
2003-07-01,LNU02600000_perc_diff_lag_1,-3.0324547,0
2003-08-01,LNU02600000_perc_diff_lag_1,0.120611675,0
2003-09-01,LNU02600000_perc_diff_lag_1,3.958181,0
2003-10-01,LNU02600000_perc_diff_lag_1,2.599015,0
2003-11-01,LNU02600000_perc_diff_lag_1,1.5610504,0
2003-12-01,LNU02600000_perc_diff_lag_1,-2.2400508,0
2004-01-01,LNU02600000_perc_diff_lag_1,0.56471926,0
2004-02-01,LNU02600000_perc_diff_lag_1,-0.24643478,0
2004-03-01,LNU02600000_perc_diff_lag_1,0.9841244,0
2004-04-01,LNU02600000_perc_diff_lag_1,0.40906358,0
2004-05-01,LNU02600000_perc_diff_lag_1,-0.4633143,0
2004-06-01,LNU02600000_perc_diff_lag_1,-3.1539664,0
2004-07-01,LNU02600000_perc_diff_lag_1,0.8949658,0
2004-08-01,LNU02600000_perc_diff_lag_1,-3.2072604,0
2004-09-01,LNU02600000_perc_diff_lag_1,3.5044549,0
2004-10-01,LNU02600000_perc_diff_lag_1,3.6276438,0
2004-11-01,LNU02600000_perc_diff_lag_1,1.186662,0
2004-12-01,LNU02600000_perc_diff_lag_1,-1.6418436,0
2005-01-01,LNU02600000_perc_diff_lag_1,-2.6231072,0
2005-02-01,LNU02600000_perc_diff_lag_1,2.355006,0
2005-03-01,LNU02600000_perc_diff_lag_1,0.9968897,0
2005-04-01,LNU02600000_perc_diff_lag_1,-1.0975995,0
2005-05-01,LNU02600000_perc_diff_lag_1,-1.1536926,0
2005-06-01,LNU02600000_perc_diff_lag_1,-4.305157,0
2005-07-01,LNU02600000_perc_diff_lag_1,0.7554336,0
2005-08-01,LNU02600000_perc_diff_lag_1,-1.453464,0
2005-09-01,LNU02600000_perc_diff_lag_1,5.4023037,0
2005-10-01,LNU02600000_perc_diff_lag_1,2.0848455,0
2005-11-01,LNU02600000_perc_diff_lag_1,0.7663441,0
2005-12-01,LNU02600000_perc_diff_lag_1,-1.4975107,0
2006-01-01,LNU02600000_perc_diff_lag_1,-0.1631711,0
2006-02-01,LNU02600000_perc_diff_lag_1,0.3388344,0
2006-03-01,LNU02600000_perc_diff_lag_1,-0.36549997,0
2006-04-01,LNU02600000_perc_diff_lag_1,-0.92906415,0
2006-05-01,LNU02600000_perc_diff_lag_1,1.0826693,0
2006-06-01,LNU02600000_perc_diff_lag_1,-3.858252,0
2006-07-01,LNU02600000_perc_diff_lag_1,-2.033463,0
2006-08-01,LNU02600000_perc_diff_lag_1,-1.0779963,0
2006-09-01,LNU02600000_perc_diff_lag_1,3.5470085,0
2006-10-01,LNU02600000_perc_diff_lag_1,2.872472,0
2006-11-01,LNU02600000_perc_diff_lag_1,2.3308995,0
2006-12-01,LNU02600000_perc_diff_lag_1,0.79585993,0
2007-01-01,LNU02600000_perc_diff_lag_1,-2.0575652,0
2007-02-01,LNU02600000_perc_diff_lag_1,1.024582,0
2007-03-01,LNU02600000_perc_diff_lag_1,0.96308815,0
2007-04-01,LNU02600000_perc_diff_lag_1,0.015573898,0
2007-05-01,LNU02600000_perc_diff_lag_1,-2.6082218,0
2007-06-01,LNU02600000_perc_diff_lag_1,-0.83939564,0
2007-07-01,LNU02600000_perc_diff_lag_1,-2.8700418,0
2007-08-01,LNU02600000_perc_diff_lag_1,-2.3281872,0
2007-09-01,LNU02600000_perc_diff_lag_1,5.035054,0
2007-10-01,LNU02600000_perc_diff_lag_1,0.06472492,0
2007-11-01,LNU02600000_perc_diff_lag_1,2.1668823,0
2007-12-01,LNU02600000_perc_diff_lag_1,0.07518202,0
2008-01-01,LNU02600000_perc_diff_lag_1,-0.06326361,0
2008-02-01,LNU02600000_perc_diff_lag_1,-0.70029676,0
2008-03-01,LNU02600000_perc_diff_lag_1,0.53789145,0
2008-04-01,LNU02600000_perc_diff_lag_1,2.6195855,0
2008-05-01,LNU02600000_perc_diff_lag_1,-3.0006952,0
2008-06-01,LNU02600000_perc_diff_lag_1,-1.2461679,0
2008-07-01,LNU02600000_perc_diff_lag_1,-1.2699565,0
2008-08-01,LNU02600000_perc_diff_lag_1,-0.5553514,0
2008-09-01,LNU02600000_perc_diff_lag_1,3.0550652,0
2008-10-01,LNU02600000_perc_diff_lag_1,1.697414,0
2008-11-01,LNU02600000_perc_diff_lag_1,2.5584767,0
2008-12-01,LNU02600000_perc_diff_lag_1,2.8690403,0
2009-01-01,LNU02600000_perc_diff_lag_1,-1.1364058,0
2009-02-01,LNU02600000_perc_diff_lag_1,2.0172045,0
2009-03-01,LNU02600000_perc_diff_lag_1,1.6901097,0
2009-04-01,LNU02600000_perc_diff_lag_1,0.80747366,0
2009-05-01,LNU02600000_perc_diff_lag_1,-2.0114942,0
2009-06-01,LNU02600000_perc_diff_lag_1,-1.7192082,0
2009-07-01,LNU02600000_perc_diff_lag_1,0.22378874,0
2009-08-01,LNU02600000_perc_diff_lag_1,-2.4561796,0
2009-09-01,LNU02600000_perc_diff_lag_1,3.3459234,0
2009-10-01,LNU02600000_perc_diff_lag_1,1.4803603,0
2009-11-01,LNU02600000_perc_diff_lag_1,1.3423551,0
2009-12-01,LNU02600000_perc_diff_lag_1,0.7897193,0
2010-01-01,LNU02600000_perc_diff_lag_1,-0.16026783,0
2010-02-01,LNU02600000_perc_diff_lag_1,0.2497057,0
2010-03-01,LNU02600000_perc_diff_lag_1,0.010675017,0
2010-04-01,LNU02600000_perc_diff_lag_1,-0.6902441,0
2010-05-01,LNU02600000_perc_diff_lag_1,-4.3852105,0
2010-06-01,LNU02600000_perc_diff_lag_1,-2.4805155,0
2010-07-01,LNU02600000_perc_diff_lag_1,0.51486975,0
2010-08-01,LNU02600000_perc_diff_lag_1,0.9594801,0
2010-09-01,LNU02600000_perc_diff_lag_1,3.4796107,0
2010-10-01,LNU02600000_perc_diff_lag_1,0.28174168,0
2010-11-01,LNU02600000_perc_diff_lag_1,2.4117925,0
2010-12-01,LNU02600000_perc_diff_lag_1,-0.40971926,0
2011-01-01,LNU02600000_perc_diff_lag_1,-2.600794,0
2011-02-01,LNU02600000_perc_diff_lag_1,0.49584955,0
2011-03-01,LNU02600000_perc_diff_lag_1,1.5167574,0
2011-04-01,LNU02600000_perc_diff_lag_1,0.14760944,0
2011-05-01,LNU02600000_perc_diff_lag_1,-1.463134,0
2011-06-01,LNU02600000_perc_diff_lag_1,-1.9518424,0
2011-07-01,LNU02600000_perc_diff_lag_1,-0.93395346,0
2011-08-01,LNU02600000_perc_diff_lag_1,-2.1559496,0
2011-09-01,LNU02600000_perc_diff_lag_1,5.650672,0
2011-10-01,LNU02600000_perc_diff_lag_1,0.029067654,0
2011-11-01,LNU02600000_perc_diff_lag_1,1.4602252,0
2011-12-01,LNU02600000_perc_diff_lag_1,-1.0811971,0
2012-01-01,LNU02600000_perc_diff_lag_1,1.5743756,0
2012-02-01,LNU02600000_perc_diff_lag_1,0.11045787,0
2012-03-01,LNU02600000_perc_diff_lag_1,-2.1319761,0
2012-04-01,LNU02600000_perc_diff_lag_1,1.8147434,0
2012-05-01,LNU02600000_perc_diff_lag_1,0.34290612,0
2012-06-01,LNU02600000_perc_diff_lag_1,-3.2535954,0
2012-07-01,LNU02600000_perc_diff_lag_1,-0.6733387,0
2012-08-01,LNU02600000_perc_diff_lag_1,-2.4115577,0
2012-09-01,LNU02600000_perc_diff_lag_1,4.976465,0
2012-10-01,LNU02600000_perc_diff_lag_1,1.2222022,0
2012-11-01,LNU02600000_perc_diff_lag_1,0.14646518,0
2012-12-01,LNU02600000_perc_diff_lag_1,-0.19262324,0
2013-01-01,LNU02600000_perc_diff_lag_1,-0.83631164,0
2013-02-01,LNU02600000_perc_diff_lag_1,1.0487999,0
2013-03-01,LNU02600000_perc_diff_lag_1,-0.4815066,0
2013-04-01,LNU02600000_perc_diff_lag_1,0.53042793,0
2013-05-01,LNU02600000_perc_diff_lag_1,-0.93048126,0
2013-06-01,LNU02600000_perc_diff_lag_1,-1.2486955,0
2013-07-01,LNU02600000_perc_diff_lag_1,-0.061948836,0
2013-08-01,LNU02600000_perc_diff_lag_1,-2.8587055,0
2013-09-01,LNU02600000_perc_diff_lag_1,2.6350362,0
2013-10-01,LNU02600000_perc_diff_lag_1,0.01097173,0
2013-11-01,LNU02600000_perc_diff_lag_1,2.0258904,0
2013-12-01,LNU02600000_perc_diff_lag_1,-0.49462366,0
2014-01-01,LNU02600000_perc_diff_lag_1,-0.03602046,0
2014-02-01,LNU02600000_perc_diff_lag_1,0.20899394,0
2014-03-01,LNU02600000_perc_diff_lag_1,1.0643654,0
2014-04-01,LNU02600000_perc_diff_lag_1,-1.4694371,0
2014-05-01,LNU02600000_perc_diff_lag_1,-1.7116239,0
2014-06-01,LNU02600000_perc_diff_lag_1,1.5136485,0
2014-07-01,LNU02600000_perc_diff_lag_1,-0.96268684,0
2014-08-01,LNU02600000_perc_diff_lag_1,-3.0257628,0
2014-09-01,LNU02600000_perc_diff_lag_1,2.3099823,0
2014-10-01,LNU02600000_perc_diff_lag_1,2.246777,0
2014-11-01,LNU02600000_perc_diff_lag_1,1.6750721,0
2014-12-01,LNU02600000_perc_diff_lag_1,-1.5199292,0
2015-01-01,LNU02600000_perc_diff_lag_1,-0.30220175,0
2015-02-01,LNU02600000_perc_diff_lag_1,0.33559468,0
2015-03-01,LNU02600000_perc_diff_lag_1,-0.5394713,0
2015-04-01,LNU02600000_perc_diff_lag_1,1.9164708,0
2015-05-01,LNU02600000_perc_diff_lag_1,-2.4800425,0
2015-06-01,LNU02600000_perc_diff_lag_1,-0.39292732,0
2015-07-01,LNU02600000_perc_diff_lag_1,-2.9147491,0
2015-08-01,LNU02600000_perc_diff_lag_1,-2.9044394,0
2015-09-01,LNU02600000_perc_diff_lag_1,3.367173,0
2015-10-01,LNU02600000_perc_diff_lag_1,2.1479177,0
2015-11-01,LNU02600000_perc_diff_lag_1,2.2752295,0
2015-12-01,LNU02600000_perc_diff_lag_1,-0.64944386,0
2016-01-01,LNU02600000_perc_diff_lag_1,-0.22391564,0
2016-02-01,LNU02600000_perc_diff_lag_1,2.4468818,0
2016-03-01,LNU02600000_perc_diff_lag_1,-0.30738792,0
2016-04-01,LNU02600000_perc_diff_lag_1,0.41465834,0
2016-05-01,LNU02600000_perc_diff_lag_1,-1.012953,0
2016-06-01,LNU02600000_perc_diff_lag_1,-3.4193823,0
2016-07-01,LNU02600000_perc_diff_lag_1,-0.57961386,0
2016-08-01,LNU02600000_perc_diff_lag_1,-3.780171,0
2016-09-01,LNU02600000_perc_diff_lag_1,5.163631,0
2016-10-01,LNU02600000_perc_diff_lag_1,1.8238533,0
2016-11-01,LNU02600000_perc_diff_lag_1,2.4435074,0
2016-12-01,LNU02600000_perc_diff_lag_1,-0.6930519,0
2017-01-01,LNU02600000_perc_diff_lag_1,-2.5364885,0
2017-02-01,LNU02600000_perc_diff_lag_1,1.7192497,0
2017-03-01,LNU02600000_perc_diff_lag_1,0.2751474,0
2017-04-01,LNU02600000_perc_diff_lag_1,-1.1795311,0
2017-05-01,LNU02600000_perc_diff_lag_1,-0.84742707,0
2017-06-01,LNU02600000_perc_diff_lag_1,-2.7167587,0
2017-07-01,LNU02600000_perc_diff_lag_1,0.6729224,0
2017-08-01,LNU02600000_perc_diff_lag_1,-2.6217089,0
2017-09-01,LNU02600000_perc_diff_lag_1,3.9507303,0
2017-10-01,LNU02600000_perc_diff_lag_1,-0.3338347,0
2017-11-01,LNU02600000_perc_diff_lag_1,2.0060365,0
2017-12-01,LNU02600000_perc_diff_lag_1,-0.35001624,0
2018-01-01,LNU02600000_perc_diff_lag_1,-0.73508114,0
2018-02-01,LNU02600000_perc_diff_lag_1,2.1522636,0
2018-03-01,LNU02600000_perc_diff_lag_1,1.6069707,0
2018-04-01,LNU02600000_perc_diff_lag_1,-1.5639827,0
2018-05-01,LNU02600000_perc_diff_lag_1,-3.6132534,0
2018-06-01,LNU02600000_perc_diff_lag_1,-1.7335901,0
2018-07-01,LNU02600000_perc_diff_lag_1,-0.6370627,0
2018-08-01,LNU02600000_perc_diff_lag_1,-3.0160477,0
2018-09-01,LNU02600000_perc_diff_lag_1,4.5454545,0
2018-10-01,LNU02600000_perc_diff_lag_1,2.2412632,0
2018-11-01,LNU02600000_perc_diff_lag_1,0.82708144,0
2018-12-01,LNU02600000_perc_diff_lag_1,-0.7731117,0
2019-01-01,LNU02600000_perc_diff_lag_1,-1.9716146,0
2019-02-01,LNU02600000_perc_diff_lag_1,1.9851487,0
2019-03-01,LNU02600000_perc_diff_lag_1,1.064725,0
2019-04-01,LNU02600000_perc_diff_lag_1,-0.44891754,0
2019-05-01,LNU02600000_perc_diff_lag_1,-1.4728343,0
2019-06-01,LNU02600000_perc_diff_lag_1,-2.9749382,0
2019-07-01,LNU02600000_perc_diff_lag_1,-0.2092289,0
2019-08-01,LNU02600000_perc_diff_lag_1,-2.180543,0
2019-09-01,LNU02600000_perc_diff_lag_1,4.3413873,0
2019-10-01,LNU02600000_perc_diff_lag_1,1.1316949,0
2019-11-01,LNU02600000_perc_diff_lag_1,1.7838018,0
2019-12-01,LNU02600000_perc_diff_lag_1,-0.7184325,0
2020-01-01,LNU02600000_perc_diff_lag_1,0.92464,0
2020-02-01,LNU02600000_perc_diff_lag_1,2.418975,0
2020-03-01,LNU02600000_perc_diff_lag_1,-3.8751194,0
2020-04-01,LNU02600000_perc_diff_lag_1,-27.649244,0
2020-05-01,LNU02600000_perc_diff_lag_1,5.9532285,0
2020-06-01,LNU02600000_perc_diff_lag_1,8.64162,0
2020-07-01,LNU02600000_perc_diff_lag_1,2.8796043,0
2020-08-01,LNU02600000_perc_diff_lag_1,1.3351078,0
2000-01-01,TOTALNSA_perc_diff_lag_1,-13.97334,0
2000-02-01,TOTALNSA_perc_diff_lag_1,24.207212,0
2000-03-01,TOTALNSA_perc_diff_lag_1,11.284347,0
2000-04-01,TOTALNSA_perc_diff_lag_1,-10.163454,0
2000-05-01,TOTALNSA_perc_diff_lag_1,8.187666,0
2000-06-01,TOTALNSA_perc_diff_lag_1,-0.13214447,0
2000-07-01,TOTALNSA_perc_diff_lag_1,-11.673782,0
2000-08-01,TOTALNSA_perc_diff_lag_1,7.5037503,0
2000-09-01,TOTALNSA_perc_diff_lag_1,-4.592095,0
2000-10-01,TOTALNSA_perc_diff_lag_1,-9.201361,0
2000-11-01,TOTALNSA_perc_diff_lag_1,-7.808725,0
2000-12-01,TOTALNSA_perc_diff_lag_1,0.816871,0
2001-01-01,TOTALNSA_perc_diff_lag_1,-5.892063,0
2001-02-01,TOTALNSA_perc_diff_lag_1,15.481062,0
2001-03-01,TOTALNSA_perc_diff_lag_1,17.828451,0
2001-04-01,TOTALNSA_perc_diff_lag_1,-15.407301,0
2001-05-01,TOTALNSA_perc_diff_lag_1,18.750904,0
2001-06-01,TOTALNSA_perc_diff_lag_1,1.0396283,0
2001-07-01,TOTALNSA_perc_diff_lag_1,-16.80184,0
2001-08-01,TOTALNSA_perc_diff_lag_1,7.5367365,0
2001-09-01,TOTALNSA_perc_diff_lag_1,-11.209577,0
2001-10-01,TOTALNSA_perc_diff_lag_1,33.57714,0
2001-11-01,TOTALNSA_perc_diff_lag_1,-23.117723,0
2001-12-01,TOTALNSA_perc_diff_lag_1,-0.87543947,0
2002-01-01,TOTALNSA_perc_diff_lag_1,-15.425564,0
2002-02-01,TOTALNSA_perc_diff_lag_1,17.58904,0
2002-03-01,TOTALNSA_perc_diff_lag_1,15.989401,0
2002-04-01,TOTALNSA_perc_diff_lag_1,-4.5038457,0
2002-05-01,TOTALNSA_perc_diff_lag_1,4.5315194,0
2002-06-01,TOTALNSA_perc_diff_lag_1,1.653694,0
2002-07-01,TOTALNSA_perc_diff_lag_1,-0.76358634,0
2002-08-01,TOTALNSA_perc_diff_lag_1,11.788695,0
2002-09-01,TOTALNSA_perc_diff_lag_1,-27.895237,0
2002-10-01,TOTALNSA_perc_diff_lag_1,6.40327,0
2002-11-01,TOTALNSA_perc_diff_lag_1,-7.7780585,0
2002-12-01,TOTALNSA_perc_diff_lag_1,19.563328,0
2003-01-01,TOTALNSA_perc_diff_lag_1,-24.489132,0
2003-02-01,TOTALNSA_perc_diff_lag_1,11.670342,0
2003-03-01,TOTALNSA_perc_diff_lag_1,19.165829,0
2003-04-01,TOTALNSA_perc_diff_lag_1,-2.5824144,0
2003-05-01,TOTALNSA_perc_diff_lag_1,11.443461,0
2003-06-01,TOTALNSA_perc_diff_lag_1,-6.171647,0
2003-07-01,TOTALNSA_perc_diff_lag_1,2.4264343,0
2003-08-01,TOTALNSA_perc_diff_lag_1,7.628505,0
2003-09-01,TOTALNSA_perc_diff_lag_1,-19.724339,0
2003-10-01,TOTALNSA_perc_diff_lag_1,0.30070913,0
2003-11-01,TOTALNSA_perc_diff_lag_1,-3.6098292,0
2003-12-01,TOTALNSA_perc_diff_lag_1,13.8407955,0
2004-01-01,TOTALNSA_perc_diff_lag_1,-21.43127,0
2004-02-01,TOTALNSA_perc_diff_lag_1,13.399526,0
2004-03-01,TOTALNSA_perc_diff_lag_1,18.148329,0
2004-04-01,TOTALNSA_perc_diff_lag_1,-5.4974318,0
2004-05-01,TOTALNSA_perc_diff_lag_1,14.097623,0
2004-06-01,TOTALNSA_perc_diff_lag_1,-10.843575,0
2004-07-01,TOTALNSA_perc_diff_lag_1,7.3215823,0
2004-08-01,TOTALNSA_perc_diff_lag_1,-7.9137964,0
2004-09-01,TOTALNSA_perc_diff_lag_1,0.45592153,0
2004-10-01,TOTALNSA_perc_diff_lag_1,-6.8015323,0
2004-11-01,TOTALNSA_perc_diff_lag_1,-10.137706,0
2004-12-01,TOTALNSA_perc_diff_lag_1,28.62304,0
2005-01-01,TOTALNSA_perc_diff_lag_1,-30.800148,0
2005-02-01,TOTALNSA_perc_diff_lag_1,17.358477,0
2005-03-01,TOTALNSA_perc_diff_lag_1,25.652416,0
2005-04-01,TOTALNSA_perc_diff_lag_1,-4.5750484,0
2005-05-01,TOTALNSA_perc_diff_lag_1,-0.30673307,0
2005-06-01,TOTALNSA_perc_diff_lag_1,11.88333,0
2005-07-01,TOTALNSA_perc_diff_lag_1,7.3085227,0
2005-08-01,TOTALNSA_perc_diff_lag_1,-17.421726,0
2005-09-01,TOTALNSA_perc_diff_lag_1,-10.315722,0
2005-10-01,TOTALNSA_perc_diff_lag_1,-13.370839,0
2005-11-01,TOTALNSA_perc_diff_lag_1,1.4040313,0
2005-12-01,TOTALNSA_perc_diff_lag_1,27.059526,0
2006-01-01,TOTALNSA_perc_diff_lag_1,-22.910667,0
2006-02-01,TOTALNSA_perc_diff_lag_1,10.370002,0
2006-03-01,TOTALNSA_perc_diff_lag_1,21.455244,0
2006-04-01,TOTALNSA_perc_diff_lag_1,-5.5080824,0
2006-05-01,TOTALNSA_perc_diff_lag_1,2.947239,0
2006-06-01,TOTALNSA_perc_diff_lag_1,0.7534601,0
2006-07-01,TOTALNSA_perc_diff_lag_1,-0.91595316,0
2006-08-01,TOTALNSA_perc_diff_lag_1,-0.07184152,0
2006-09-01,TOTALNSA_perc_diff_lag_1,-8.875675,0
2006-10-01,TOTALNSA_perc_diff_lag_1,-9.581664,0
2006-11-01,TOTALNSA_perc_diff_lag_1,-1.9071472,0
2006-12-01,TOTALNSA_perc_diff_lag_1,19.394476,0
2007-01-01,TOTALNSA_perc_diff_lag_1,-23.854912,0
2007-02-01,TOTALNSA_perc_diff_lag_1,14.31398,0
2007-03-01,TOTALNSA_perc_diff_lag_1,22.54555,0
2007-04-01,TOTALNSA_perc_diff_lag_1,-13.265289,0
2007-05-01,TOTALNSA_perc_diff_lag_1,16.420406,0
2007-06-01,TOTALNSA_perc_diff_lag_1,-6.8574867,0
2007-07-01,TOTALNSA_perc_diff_lag_1,-10.139407,0
2007-08-01,TOTALNSA_perc_diff_lag_1,12.724183,0
2007-09-01,TOTALNSA_perc_diff_lag_1,-10.968646,0
2007-10-01,TOTALNSA_perc_diff_lag_1,-5.9350333,0
2007-11-01,TOTALNSA_perc_diff_lag_1,-4.4584565,0
2007-12-01,TOTALNSA_perc_diff_lag_1,17.795422,0
2008-01-01,TOTALNSA_perc_diff_lag_1,-24.802162,0
2008-02-01,TOTALNSA_perc_diff_lag_1,12.509129,0
2008-03-01,TOTALNSA_perc_diff_lag_1,15.226448,0
2008-04-01,TOTALNSA_perc_diff_lag_1,-7.6603494,0
2008-05-01,TOTALNSA_perc_diff_lag_1,11.585709,0
2008-06-01,TOTALNSA_perc_diff_lag_1,-14.63901,0
2008-07-01,TOTALNSA_perc_diff_lag_1,-4.66269,0
2008-08-01,TOTALNSA_perc_diff_lag_1,9.7845745,0
2008-09-01,TOTALNSA_perc_diff_lag_1,-22.41889,0
2008-10-01,TOTALNSA_perc_diff_lag_1,-12.753098,0
2008-11-01,TOTALNSA_perc_diff_lag_1,-11.069517,0
2008-12-01,TOTALNSA_perc_diff_lag_1,19.921043,0
2009-01-01,TOTALNSA_perc_diff_lag_1,-26.81461,0
2009-02-01,TOTALNSA_perc_diff_lag_1,4.648857,0
2009-03-01,TOTALNSA_perc_diff_lag_1,24.402006,0
2009-04-01,TOTALNSA_perc_diff_lag_1,-4.612488,0
2009-05-01,TOTALNSA_perc_diff_lag_1,12.710003,0
2009-06-01,TOTALNSA_perc_diff_lag_1,-6.770596,0
2009-07-01,TOTALNSA_perc_diff_lag_1,15.647391,0
2009-08-01,TOTALNSA_perc_diff_lag_1,25.985083,0
2009-09-01,TOTALNSA_perc_diff_lag_1,-40.40589,0
2009-10-01,TOTALNSA_perc_diff_lag_1,12.415077,0
2009-11-01,TOTALNSA_perc_diff_lag_1,-10.782585,0
2009-12-01,TOTALNSA_perc_diff_lag_1,37.72388,0
2010-01-01,TOTALNSA_perc_diff_lag_1,-32.098602,0
2010-02-01,TOTALNSA_perc_diff_lag_1,11.353898,0
2010-03-01,TOTALNSA_perc_diff_lag_1,36.627796,0
2010-04-01,TOTALNSA_perc_diff_lag_1,-7.9910307,0
2010-05-01,TOTALNSA_perc_diff_lag_1,12.055737,0
2010-06-01,TOTALNSA_perc_diff_lag_1,-10.479427,0
2010-07-01,TOTALNSA_perc_diff_lag_1,6.5263333,0
2010-08-01,TOTALNSA_perc_diff_lag_1,-5.0841303,0
2010-09-01,TOTALNSA_perc_diff_lag_1,-3.7180095,0
2010-10-01,TOTALNSA_perc_diff_lag_1,-0.90548116,0
2010-11-01,TOTALNSA_perc_diff_lag_1,-7.983338,0
2010-12-01,TOTALNSA_perc_diff_lag_1,30.944328,0
2011-01-01,TOTALNSA_perc_diff_lag_1,-28.079096,0
2011-02-01,TOTALNSA_perc_diff_lag_1,20.41163,0
2011-03-01,TOTALNSA_perc_diff_lag_1,26.786404,0
2011-04-01,TOTALNSA_perc_diff_lag_1,-8.092068,0
2011-05-01,TOTALNSA_perc_diff_lag_1,-7.860799,0
2011-06-01,TOTALNSA_perc_diff_lag_1,-0.9288106,0
2011-07-01,TOTALNSA_perc_diff_lag_1,1.3848543,0
2011-08-01,TOTALNSA_perc_diff_lag_1,0.77481985,0
2011-09-01,TOTALNSA_perc_diff_lag_1,-1.6850041,0
2011-10-01,TOTALNSA_perc_diff_lag_1,-2.5815964,0
2011-11-01,TOTALNSA_perc_diff_lag_1,-1.8587035,0
2011-12-01,TOTALNSA_perc_diff_lag_1,23.298409,0
2012-01-01,TOTALNSA_perc_diff_lag_1,-26.03878,0
2012-02-01,TOTALNSA_perc_diff_lag_1,25.331226,0
2012-03-01,TOTALNSA_perc_diff_lag_1,21.95779,0
2012-04-01,TOTALNSA_perc_diff_lag_1,-16.006447,0
2012-05-01,TOTALNSA_perc_diff_lag_1,13.700795,0
2012-06-01,TOTALNSA_perc_diff_lag_1,-4.332631,0
2012-07-01,TOTALNSA_perc_diff_lag_1,-10.559719,0
2012-08-01,TOTALNSA_perc_diff_lag_1,11.395465,0
2012-09-01,TOTALNSA_perc_diff_lag_1,-7.596479,0
2012-10-01,TOTALNSA_perc_diff_lag_1,-7.2156653,0
2012-11-01,TOTALNSA_perc_diff_lag_1,4.5262136,0
2012-12-01,TOTALNSA_perc_diff_lag_1,17.54834,0
2013-01-01,TOTALNSA_perc_diff_lag_1,-22.492155,0
2013-02-01,TOTALNSA_perc_diff_lag_1,14.26725,0
2013-03-01,TOTALNSA_perc_diff_lag_1,21.477789,0
2013-04-01,TOTALNSA_perc_diff_lag_1,-11.197515,0
2013-05-01,TOTALNSA_perc_diff_lag_1,12.1411915,0
2013-06-01,TOTALNSA_perc_diff_lag_1,-3.2222784,0
2013-07-01,TOTALNSA_perc_diff_lag_1,-6.3100624,0
2013-08-01,TOTALNSA_perc_diff_lag_1,14.346855,0
2013-09-01,TOTALNSA_perc_diff_lag_1,-24.528526,0
2013-10-01,TOTALNSA_perc_diff_lag_1,7.1753135,0
2013-11-01,TOTALNSA_perc_diff_lag_1,2.906769,0
2013-12-01,TOTALNSA_perc_diff_lag_1,8.826956,0
2014-01-01,TOTALNSA_perc_diff_lag_1,-24.619707,0
2014-02-01,TOTALNSA_perc_diff_lag_1,17.099491,0
2014-03-01,TOTALNSA_perc_diff_lag_1,27.95042,0
2014-04-01,TOTALNSA_perc_diff_lag_1,-9.887454,0
2014-05-01,TOTALNSA_perc_diff_lag_1,16.76818,0
2014-06-01,TOTALNSA_perc_diff_lag_1,-11.709855,0
2014-07-01,TOTALNSA_perc_diff_lag_1,1.5255448,0
2014-08-01,TOTALNSA_perc_diff_lag_1,9.047241,0
2014-09-01,TOTALNSA_perc_diff_lag_1,-20.859566,0
2014-10-01,TOTALNSA_perc_diff_lag_1,3.1675966,0
2014-11-01,TOTALNSA_perc_diff_lag_1,0.8982476,0
2014-12-01,TOTALNSA_perc_diff_lag_1,16.193216,0
2015-01-01,TOTALNSA_perc_diff_lag_1,-23.439457,0
2015-02-01,TOTALNSA_perc_diff_lag_1,9.104001,0
2015-03-01,TOTALNSA_perc_diff_lag_1,22.914108,0
2015-04-01,TOTALNSA_perc_diff_lag_1,-6.3490934,0
2015-05-01,TOTALNSA_perc_diff_lag_1,12.783924,0
2015-06-01,TOTALNSA_perc_diff_lag_1,-8.977902,0
2015-07-01,TOTALNSA_perc_diff_lag_1,1.8541318,0
2015-08-01,TOTALNSA_perc_diff_lag_1,3.3259907,0
2015-09-01,TOTALNSA_perc_diff_lag_1,-7.717116,0
2015-10-01,TOTALNSA_perc_diff_lag_1,0.7793613,0
2015-11-01,TOTALNSA_perc_diff_lag_1,-8.587281,0
2015-12-01,TOTALNSA_perc_diff_lag_1,22.999432,0
2016-01-01,TOTALNSA_perc_diff_lag_1,-28.870724,0
2016-02-01,TOTALNSA_perc_diff_lag_1,15.604041,0
2016-03-01,TOTALNSA_perc_diff_lag_1,17.44902,0
2016-04-01,TOTALNSA_perc_diff_lag_1,-5.574049,0
2016-05-01,TOTALNSA_perc_diff_lag_1,1.8738326,0
2016-06-01,TOTALNSA_perc_diff_lag_1,-0.24468169,0
2016-07-01,TOTALNSA_perc_diff_lag_1,-0.1318384,0
2016-08-01,TOTALNSA_perc_diff_lag_1,-0.45434913,0
2016-09-01,TOTALNSA_perc_diff_lag_1,-5.0477724,0
2016-10-01,TOTALNSA_perc_diff_lag_1,-4.4463096,0
2016-11-01,TOTALNSA_perc_diff_lag_1,0.16591972,0
2016-12-01,TOTALNSA_perc_diff_lag_1,22.764305,0
2017-01-01,TOTALNSA_perc_diff_lag_1,-32.225353,0
2017-02-01,TOTALNSA_perc_diff_lag_1,16.125513,0
2017-03-01,TOTALNSA_perc_diff_lag_1,17.055098,0
2017-04-01,TOTALNSA_perc_diff_lag_1,-8.400777,0
2017-05-01,TOTALNSA_perc_diff_lag_1,6.494027,0
2017-06-01,TOTALNSA_perc_diff_lag_1,-2.6594412,0
2017-07-01,TOTALNSA_perc_diff_lag_1,-4.111845,0
2017-08-01,TOTALNSA_perc_diff_lag_1,4.931188,0
2017-09-01,TOTALNSA_perc_diff_lag_1,2.7156885,0
2017-10-01,TOTALNSA_perc_diff_lag_1,-10.783623,0
2017-11-01,TOTALNSA_perc_diff_lag_1,2.8057559,0
2017-12-01,TOTALNSA_perc_diff_lag_1,15.0947,0
2018-01-01,TOTALNSA_perc_diff_lag_1,-27.924654,0
2018-02-01,TOTALNSA_perc_diff_lag_1,12.390894,0
2018-03-01,TOTALNSA_perc_diff_lag_1,27.065596,0
2018-04-01,TOTALNSA_perc_diff_lag_1,-17.562305,0
2018-05-01,TOTALNSA_perc_diff_lag_1,16.910126,0
2018-06-01,TOTALNSA_perc_diff_lag_1,-2.44823,0
2018-07-01,TOTALNSA_perc_diff_lag_1,-11.568039,0
2018-08-01,TOTALNSA_perc_diff_lag_1,8.858697,0
2018-09-01,TOTALNSA_perc_diff_lag_1,-3.4318788,0
2018-10-01,TOTALNSA_perc_diff_lag_1,-4.684009,0
2018-11-01,TOTALNSA_perc_diff_lag_1,1.1601781,0
2018-12-01,TOTALNSA_perc_diff_lag_1,17.134281,0
2019-01-01,TOTALNSA_perc_diff_lag_1,-29.678205,0
2019-02-01,TOTALNSA_perc_diff_lag_1,9.968712,0
2019-03-01,TOTALNSA_perc_diff_lag_1,27.514872,0
2019-04-01,TOTALNSA_perc_diff_lag_1,-16.438934,0
2019-05-01,TOTALNSA_perc_diff_lag_1,18.604113,0
2019-06-01,TOTALNSA_perc_diff_lag_1,-4.5039124,0
2019-07-01,TOTALNSA_perc_diff_lag_1,-7.129391,0
2019-08-01,TOTALNSA_perc_diff_lag_1,16.721071,0
2019-09-01,TOTALNSA_perc_diff_lag_1,-21.933926,0
2019-10-01,TOTALNSA_perc_diff_lag_1,4.902109,0
2019-11-01,TOTALNSA_perc_diff_lag_1,4.221933,0
2019-12-01,TOTALNSA_perc_diff_lag_1,8.34138,0
2020-01-01,TOTALNSA_perc_diff_lag_1,-25.0617,0
2020-02-01,TOTALNSA_perc_diff_lag_1,18.437727,0
2020-03-01,TOTALNSA_perc_diff_lag_1,-26.031168,0
2020-04-01,TOTALNSA_perc_diff_lag_1,-27.371357,0
2020-05-01,TOTALNSA_perc_diff_lag_1,53.721394,0
2020-06-01,TOTALNSA_perc_diff_lag_1,-1.0232272,0
2020-07-01,TOTALNSA_perc_diff_lag_1,12.066875,0
2020-08-01,TOTALNSA_perc_diff_lag_1,7.2431564,0
2000-01-01,UEMPLT5_diff_lag_2,-21.0,0
2000-02-01,UEMPLT5_diff_lag_2,-38.0,0
2000-03-01,UEMPLT5_diff_lag_2,239.0,0
2000-04-01,UEMPLT5_diff_lag_2,-94.0,0
2000-05-01,UEMPLT5_diff_lag_2,-216.0,0
2000-06-01,UEMPLT5_diff_lag_2,69.0,0
2000-07-01,UEMPLT5_diff_lag_2,-66.0,0
2000-08-01,UEMPLT5_diff_lag_2,-29.0,0
2000-09-01,UEMPLT5_diff_lag_2,73.0,0
2000-10-01,UEMPLT5_diff_lag_2,-53.0,0
2000-11-01,UEMPLT5_diff_lag_2,-59.0,0
2000-12-01,UEMPLT5_diff_lag_2,-20.0,0
2001-01-01,UEMPLT5_diff_lag_2,136.0,0
2001-02-01,UEMPLT5_diff_lag_2,374.0,0
2001-03-01,UEMPLT5_diff_lag_2,33.0,0
2001-04-01,UEMPLT5_diff_lag_2,121.0,0
2001-05-01,UEMPLT5_diff_lag_2,20.0,0
2001-06-01,UEMPLT5_diff_lag_2,-164.0,0
2001-07-01,UEMPLT5_diff_lag_2,-59.0,0
2001-08-01,UEMPLT5_diff_lag_2,158.0,0
2001-09-01,UEMPLT5_diff_lag_2,195.0,0
2001-10-01,UEMPLT5_diff_lag_2,145.0,0
2001-11-01,UEMPLT5_diff_lag_2,253.0,0
2001-12-01,UEMPLT5_diff_lag_2,-74.0,0
2002-01-01,UEMPLT5_diff_lag_2,-46.0,0
2002-02-01,UEMPLT5_diff_lag_2,-53.0,0
2002-03-01,UEMPLT5_diff_lag_2,30.0,0
2002-04-01,UEMPLT5_diff_lag_2,-52.0,0
2002-05-01,UEMPLT5_diff_lag_2,-231.0,0
2002-06-01,UEMPLT5_diff_lag_2,-221.0,0
2002-07-01,UEMPLT5_diff_lag_2,48.0,0
2002-08-01,UEMPLT5_diff_lag_2,216.0,0
2002-09-01,UEMPLT5_diff_lag_2,-119.0,0
2002-10-01,UEMPLT5_diff_lag_2,-162.0,0
2002-11-01,UEMPLT5_diff_lag_2,178.0,0
2002-12-01,UEMPLT5_diff_lag_2,73.0,0
2003-01-01,UEMPLT5_diff_lag_2,-94.0,0
2003-02-01,UEMPLT5_diff_lag_2,-40.0,0
2003-03-01,UEMPLT5_diff_lag_2,-25.0,0
2003-04-01,UEMPLT5_diff_lag_2,-4.0,0
2003-05-01,UEMPLT5_diff_lag_2,157.0,0
2003-06-01,UEMPLT5_diff_lag_2,112.0,0
2003-07-01,UEMPLT5_diff_lag_2,-268.0,0
2003-08-01,UEMPLT5_diff_lag_2,-105.0,0
2003-09-01,UEMPLT5_diff_lag_2,-16.0,0
2003-10-01,UEMPLT5_diff_lag_2,-91.0,0
2003-11-01,UEMPLT5_diff_lag_2,-48.0,0
2003-12-01,UEMPLT5_diff_lag_2,-156.0,0
2004-01-01,UEMPLT5_diff_lag_2,29.0,0
2004-02-01,UEMPLT5_diff_lag_2,-129.0,0
2004-03-01,UEMPLT5_diff_lag_2,-48.0,0
2004-04-01,UEMPLT5_diff_lag_2,355.0,0
2004-05-01,UEMPLT5_diff_lag_2,86.0,0
2004-06-01,UEMPLT5_diff_lag_2,-103.0,0
2004-07-01,UEMPLT5_diff_lag_2,97.0,0
2004-08-01,UEMPLT5_diff_lag_2,-17.0,0
2004-09-01,UEMPLT5_diff_lag_2,-62.0,0
2004-10-01,UEMPLT5_diff_lag_2,72.0,0
2004-11-01,UEMPLT5_diff_lag_2,-120.0,0
2004-12-01,UEMPLT5_diff_lag_2,36.0,0
2005-01-01,UEMPLT5_diff_lag_2,-3.0,0
2005-02-01,UEMPLT5_diff_lag_2,-19.0,0
2005-03-01,UEMPLT5_diff_lag_2,-152.0,0
2005-04-01,UEMPLT5_diff_lag_2,-61.0,0
2005-05-01,UEMPLT5_diff_lag_2,271.0,0
2005-06-01,UEMPLT5_diff_lag_2,-29.0,0
2005-07-01,UEMPLT5_diff_lag_2,-186.0,0
2005-08-01,UEMPLT5_diff_lag_2,-89.0,0
2005-09-01,UEMPLT5_diff_lag_2,195.0,0
2005-10-01,UEMPLT5_diff_lag_2,149.0,0
2005-11-01,UEMPLT5_diff_lag_2,60.0,0
2005-12-01,UEMPLT5_diff_lag_2,-131.0,0
2006-01-01,UEMPLT5_diff_lag_2,-296.0,0
2006-02-01,UEMPLT5_diff_lag_2,-11.0,0
2006-03-01,UEMPLT5_diff_lag_2,132.0,0
2006-04-01,UEMPLT5_diff_lag_2,88.0,0
2006-05-01,UEMPLT5_diff_lag_2,-114.0,0
2006-06-01,UEMPLT5_diff_lag_2,40.0,0
2006-07-01,UEMPLT5_diff_lag_2,176.0,0
2006-08-01,UEMPLT5_diff_lag_2,-102.0,0
2006-09-01,UEMPLT5_diff_lag_2,-113.0,0
2006-10-01,UEMPLT5_diff_lag_2,13.0,0
2006-11-01,UEMPLT5_diff_lag_2,-97.0,0
2006-12-01,UEMPLT5_diff_lag_2,-20.0,0
2007-01-01,UEMPLT5_diff_lag_2,50.0,0
2007-02-01,UEMPLT5_diff_lag_2,-22.0,0
2007-03-01,UEMPLT5_diff_lag_2,-254.0,0
2007-04-01,UEMPLT5_diff_lag_2,-118.0,0
2007-05-01,UEMPLT5_diff_lag_2,157.0,0
2007-06-01,UEMPLT5_diff_lag_2,95.0,0
2007-07-01,UEMPLT5_diff_lag_2,38.0,0
2007-08-01,UEMPLT5_diff_lag_2,63.0,0
2007-09-01,UEMPLT5_diff_lag_2,55.0,0
2007-10-01,UEMPLT5_diff_lag_2,-69.0,0
2007-11-01,UEMPLT5_diff_lag_2,88.0,0
2007-12-01,UEMPLT5_diff_lag_2,173.0,0
2008-01-01,UEMPLT5_diff_lag_2,-91.0,0
2008-02-01,UEMPLT5_diff_lag_2,-65.0,0
2008-03-01,UEMPLT5_diff_lag_2,269.0,0
2008-04-01,UEMPLT5_diff_lag_2,-160.0,0
2008-05-01,UEMPLT5_diff_lag_2,455.0,0
2008-06-01,UEMPLT5_diff_lag_2,260.0,0
2008-07-01,UEMPLT5_diff_lag_2,-424.0,0
2008-08-01,UEMPLT5_diff_lag_2,503.0,0
2008-09-01,UEMPLT5_diff_lag_2,-6.0,0
2008-10-01,UEMPLT5_diff_lag_2,-86.0,0
2008-11-01,UEMPLT5_diff_lag_2,487.0,0
2008-12-01,UEMPLT5_diff_lag_2,85.0,0
2009-01-01,UEMPLT5_diff_lag_2,189.0,0
2009-02-01,UEMPLT5_diff_lag_2,195.0,0
2009-03-01,UEMPLT5_diff_lag_2,-59.0,0
2009-04-01,UEMPLT5_diff_lag_2,-112.0,0
2009-05-01,UEMPLT5_diff_lag_2,-219.0,0
2009-06-01,UEMPLT5_diff_lag_2,-224.0,0
2009-07-01,UEMPLT5_diff_lag_2,-109.0,0
2009-08-01,UEMPLT5_diff_lag_2,-174.0,0
2009-09-01,UEMPLT5_diff_lag_2,-296.0,0
2009-10-01,UEMPLT5_diff_lag_2,283.0,0
2009-11-01,UEMPLT5_diff_lag_2,-25.0,0
2009-12-01,UEMPLT5_diff_lag_2,-344.0,0
2010-01-01,UEMPLT5_diff_lag_2,105.0,0
2010-02-01,UEMPLT5_diff_lag_2,-72.0,0
2010-03-01,UEMPLT5_diff_lag_2,-152.0,0
2010-04-01,UEMPLT5_diff_lag_2,-82.0,0
2010-05-01,UEMPLT5_diff_lag_2,4.0,0
2010-06-01,UEMPLT5_diff_lag_2,-42.0,0
2010-07-01,UEMPLT5_diff_lag_2,33.0,0
2010-08-01,UEMPLT5_diff_lag_2,-12.0,0
2010-09-01,UEMPLT5_diff_lag_2,13.0,0
2010-10-01,UEMPLT5_diff_lag_2,-16.0,0
2010-11-01,UEMPLT5_diff_lag_2,93.0,0
2010-12-01,UEMPLT5_diff_lag_2,38.0,0
2011-01-01,UEMPLT5_diff_lag_2,-226.0,0
2011-02-01,UEMPLT5_diff_lag_2,-224.0,0
2011-03-01,UEMPLT5_diff_lag_2,-151.0,0
2011-04-01,UEMPLT5_diff_lag_2,318.0,0
2011-05-01,UEMPLT5_diff_lag_2,133.0,0
2011-06-01,UEMPLT5_diff_lag_2,146.0,0
2011-07-01,UEMPLT5_diff_lag_2,-36.0,0
2011-08-01,UEMPLT5_diff_lag_2,-283.0,0
2011-09-01,UEMPLT5_diff_lag_2,122.0,0
2011-10-01,UEMPLT5_diff_lag_2,18.0,0
2011-11-01,UEMPLT5_diff_lag_2,-198.0,0
2011-12-01,UEMPLT5_diff_lag_2,10.0,0
2012-01-01,UEMPLT5_diff_lag_2,-82.0,0
2012-02-01,UEMPLT5_diff_lag_2,-68.0,0
2012-03-01,UEMPLT5_diff_lag_2,234.0,0
2012-04-01,UEMPLT5_diff_lag_2,14.0,0
2012-05-01,UEMPLT5_diff_lag_2,-158.0,0
2012-06-01,UEMPLT5_diff_lag_2,123.0,0
2012-07-01,UEMPLT5_diff_lag_2,112.0,0
2012-08-01,UEMPLT5_diff_lag_2,37.0,0
2012-09-01,UEMPLT5_diff_lag_2,-124.0,0
2012-10-01,UEMPLT5_diff_lag_2,-149.0,0
2012-11-01,UEMPLT5_diff_lag_2,82.0,0
2012-12-01,UEMPLT5_diff_lag_2,121.0,0
2013-01-01,UEMPLT5_diff_lag_2,160.0,0
2013-02-01,UEMPLT5_diff_lag_2,-43.0,0
2013-03-01,UEMPLT5_diff_lag_2,-318.0,0
2013-04-01,UEMPLT5_diff_lag_2,-226.0,0
2013-05-01,UEMPLT5_diff_lag_2,212.0,0
2013-06-01,UEMPLT5_diff_lag_2,193.0,0
2013-07-01,UEMPLT5_diff_lag_2,-181.0,0
2013-08-01,UEMPLT5_diff_lag_2,-205.0,0
2013-09-01,UEMPLT5_diff_lag_2,111.0,0
2013-10-01,UEMPLT5_diff_lag_2,348.0,0
2013-11-01,UEMPLT5_diff_lag_2,-195.0,0
2013-12-01,UEMPLT5_diff_lag_2,-495.0,0
2014-01-01,UEMPLT5_diff_lag_2,64.0,0
2014-02-01,UEMPLT5_diff_lag_2,48.0,0
2014-03-01,UEMPLT5_diff_lag_2,-40.0,0
2014-04-01,UEMPLT5_diff_lag_2,48.0,0
2014-05-01,UEMPLT5_diff_lag_2,153.0,0
2014-06-01,UEMPLT5_diff_lag_2,-7.0,0
2014-07-01,UEMPLT5_diff_lag_2,15.0,0
2014-08-01,UEMPLT5_diff_lag_2,203.0,0
2014-09-01,UEMPLT5_diff_lag_2,-236.0,0
2014-10-01,UEMPLT5_diff_lag_2,-126.0,0
2014-11-01,UEMPLT5_diff_lag_2,109.0,0
2014-12-01,UEMPLT5_diff_lag_2,-124.0,0
2015-01-01,UEMPLT5_diff_lag_2,-81.0,0
2015-02-01,UEMPLT5_diff_lag_2,22.0,0
2015-03-01,UEMPLT5_diff_lag_2,51.0,0
2015-04-01,UEMPLT5_diff_lag_2,324.0,0
2015-05-01,UEMPLT5_diff_lag_2,27.0,0
2015-06-01,UEMPLT5_diff_lag_2,-407.0,0
2015-07-01,UEMPLT5_diff_lag_2,103.0,0
2015-08-01,UEMPLT5_diff_lag_2,-236.0,0
2015-09-01,UEMPLT5_diff_lag_2,-210.0,0
2015-10-01,UEMPLT5_diff_lag_2,299.0,0
2015-11-01,UEMPLT5_diff_lag_2,18.0,0
2015-12-01,UEMPLT5_diff_lag_2,27.0,0
2016-01-01,UEMPLT5_diff_lag_2,-174.0,0
2016-02-01,UEMPLT5_diff_lag_2,-185.0,0
2016-03-01,UEMPLT5_diff_lag_2,180.0,0
2016-04-01,UEMPLT5_diff_lag_2,398.0,0
2016-05-01,UEMPLT5_diff_lag_2,-115.0,0
2016-06-01,UEMPLT5_diff_lag_2,-227.0,0
2016-07-01,UEMPLT5_diff_lag_2,-18.0,0
2016-08-01,UEMPLT5_diff_lag_2,-90.0,0
2016-09-01,UEMPLT5_diff_lag_2,351.0,0
2016-10-01,UEMPLT5_diff_lag_2,163.0,0
2016-11-01,UEMPLT5_diff_lag_2,-216.0,0
2016-12-01,UEMPLT5_diff_lag_2,-103.0,0
2017-01-01,UEMPLT5_diff_lag_2,27.0,0
2017-02-01,UEMPLT5_diff_lag_2,115.0,0
2017-03-01,UEMPLT5_diff_lag_2,-152.0,0
2017-04-01,UEMPLT5_diff_lag_2,-124.0,0
2017-05-01,UEMPLT5_diff_lag_2,-99.0,0
2017-06-01,UEMPLT5_diff_lag_2,-77.0,0
2017-07-01,UEMPLT5_diff_lag_2,18.0,0
2017-08-01,UEMPLT5_diff_lag_2,-72.0,0
2017-09-01,UEMPLT5_diff_lag_2,90.0,0
2017-10-01,UEMPLT5_diff_lag_2,-9.0,0
2017-11-01,UEMPLT5_diff_lag_2,-21.0,0
2017-12-01,UEMPLT5_diff_lag_2,38.0,0
2018-01-01,UEMPLT5_diff_lag_2,2.0,0
2018-02-01,UEMPLT5_diff_lag_2,186.0,0
2018-03-01,UEMPLT5_diff_lag_2,2.0,0
2018-04-01,UEMPLT5_diff_lag_2,-273.0,0
2018-05-01,UEMPLT5_diff_lag_2,-236.0,0
2018-06-01,UEMPLT5_diff_lag_2,83.0,0
2018-07-01,UEMPLT5_diff_lag_2,72.0,0
2018-08-01,UEMPLT5_diff_lag_2,-33.0,0
2018-09-01,UEMPLT5_diff_lag_2,-5.0,0
2018-10-01,UEMPLT5_diff_lag_2,-91.0,0
2018-11-01,UEMPLT5_diff_lag_2,45.0,0
2018-12-01,UEMPLT5_diff_lag_2,19.0,0
2019-01-01,UEMPLT5_diff_lag_2,186.0,0
2019-02-01,UEMPLT5_diff_lag_2,52.0,0
2019-03-01,UEMPLT5_diff_lag_2,-203.0,0
2019-04-01,UEMPLT5_diff_lag_2,-263.0,0
2019-05-01,UEMPLT5_diff_lag_2,42.0,0
2019-06-01,UEMPLT5_diff_lag_2,43.0,0
2019-07-01,UEMPLT5_diff_lag_2,64.0,0
2019-08-01,UEMPLT5_diff_lag_2,269.0,0
2019-09-01,UEMPLT5_diff_lag_2,-353.0,0
2019-10-01,UEMPLT5_diff_lag_2,-240.0,0
2019-11-01,UEMPLT5_diff_lag_2,157.0,0
2019-12-01,UEMPLT5_diff_lag_2,87.0,0
2020-01-01,UEMPLT5_diff_lag_2,33.0,0
2020-02-01,UEMPLT5_diff_lag_2,-52.0,0
2020-03-01,UEMPLT5_diff_lag_2,1483.0,0
2020-04-01,UEMPLT5_diff_lag_2,12270.0,0
2020-05-01,UEMPLT5_diff_lag_2,333.0,0
2020-06-01,UEMPLT5_diff_lag_2,-11445.0,0
2020-07-01,UEMPLT5_diff_lag_2,-673.0,0
2020-08-01,UEMPLT5_diff_lag_2,-557.0,0
