reference_date,series_code,value,IsTarget
2000-01-01,BOPTEXP_diff_lag_1,504.0,1
2000-02-01,BOPTEXP_diff_lag_1,496.0,1
2000-03-01,BOPTEXP_diff_lag_1,1226.0,1
2000-04-01,BOPTEXP_diff_lag_1,1487.0,1
2000-05-01,BOPTEXP_diff_lag_1,-838.0,1
2000-06-01,BOPTEXP_diff_lag_1,2754.0,1
2000-07-01,BOPTEXP_diff_lag_1,-350.0,1
2000-08-01,BOPTEXP_diff_lag_1,2003.0,1
2000-09-01,BOPTEXP_diff_lag_1,-77.0,1
2000-10-01,BOPTEXP_diff_lag_1,-836.0,1
2000-11-01,BOPTEXP_diff_lag_1,-123.0,1
2000-12-01,BOPTEXP_diff_lag_1,-957.0,1
2001-01-01,BOPTEXP_diff_lag_1,-100.0,1
2001-02-01,BOPTEXP_diff_lag_1,-150.0,1
2001-03-01,BOPTEXP_diff_lag_1,-1727.0,1
2001-04-01,BOPTEXP_diff_lag_1,-1706.0,1
2001-05-01,BOPTEXP_diff_lag_1,508.0,1
2001-06-01,BOPTEXP_diff_lag_1,-2221.0,1
2001-07-01,BOPTEXP_diff_lag_1,-2202.0,1
2001-08-01,BOPTEXP_diff_lag_1,954.0,1
2001-09-01,BOPTEXP_diff_lag_1,-6420.0,1
2001-10-01,BOPTEXP_diff_lag_1,516.0,1
2001-11-01,BOPTEXP_diff_lag_1,116.0,1
2001-12-01,BOPTEXP_diff_lag_1,-219.0,1
2002-01-01,BOPTEXP_diff_lag_1,1140.0,1
2002-02-01,BOPTEXP_diff_lag_1,-40.0,1
2002-03-01,BOPTEXP_diff_lag_1,721.0,1
2002-04-01,BOPTEXP_diff_lag_1,1950.0,1
2002-05-01,BOPTEXP_diff_lag_1,173.0,1
2002-06-01,BOPTEXP_diff_lag_1,1017.0,1
2002-07-01,BOPTEXP_diff_lag_1,295.0,1
2002-08-01,BOPTEXP_diff_lag_1,386.0,1
2002-09-01,BOPTEXP_diff_lag_1,-678.0,1
2002-10-01,BOPTEXP_diff_lag_1,-716.0,1
2002-11-01,BOPTEXP_diff_lag_1,1013.0,1
2002-12-01,BOPTEXP_diff_lag_1,-2024.0,1
2003-01-01,BOPTEXP_diff_lag_1,1093.0,1
2003-02-01,BOPTEXP_diff_lag_1,669.0,1
2003-03-01,BOPTEXP_diff_lag_1,-199.0,1
2003-04-01,BOPTEXP_diff_lag_1,-1151.0,1
2003-05-01,BOPTEXP_diff_lag_1,743.0,1
2003-06-01,BOPTEXP_diff_lag_1,2460.0,1
2003-07-01,BOPTEXP_diff_lag_1,741.0,1
2003-08-01,BOPTEXP_diff_lag_1,-1126.0,1
2003-09-01,BOPTEXP_diff_lag_1,1977.0,1
2003-10-01,BOPTEXP_diff_lag_1,1971.0,1
2003-11-01,BOPTEXP_diff_lag_1,2318.0,1
2003-12-01,BOPTEXP_diff_lag_1,-349.0,1
2004-01-01,BOPTEXP_diff_lag_1,-108.0,1
2004-02-01,BOPTEXP_diff_lag_1,3826.0,1
2004-03-01,BOPTEXP_diff_lag_1,2637.0,1
2004-04-01,BOPTEXP_diff_lag_1,-765.0,1
2004-05-01,BOPTEXP_diff_lag_1,1505.0,1
2004-06-01,BOPTEXP_diff_lag_1,-2406.0,1
2004-07-01,BOPTEXP_diff_lag_1,1621.0,1
2004-08-01,BOPTEXP_diff_lag_1,435.0,1
2004-09-01,BOPTEXP_diff_lag_1,1368.0,1
2004-10-01,BOPTEXP_diff_lag_1,1496.0,1
2004-11-01,BOPTEXP_diff_lag_1,-240.0,1
2004-12-01,BOPTEXP_diff_lag_1,2726.0,1
2005-01-01,BOPTEXP_diff_lag_1,800.0,1
2005-02-01,BOPTEXP_diff_lag_1,808.0,1
2005-03-01,BOPTEXP_diff_lag_1,938.0,1
2005-04-01,BOPTEXP_diff_lag_1,2060.0,1
2005-05-01,BOPTEXP_diff_lag_1,-634.0,1
2005-06-01,BOPTEXP_diff_lag_1,83.0,1
2005-07-01,BOPTEXP_diff_lag_1,365.0,1
2005-08-01,BOPTEXP_diff_lag_1,1318.0,1
2005-09-01,BOPTEXP_diff_lag_1,-1112.0,1
2005-10-01,BOPTEXP_diff_lag_1,2503.0,1
2005-11-01,BOPTEXP_diff_lag_1,1268.0,1
2005-12-01,BOPTEXP_diff_lag_1,2621.0,1
2006-01-01,BOPTEXP_diff_lag_1,1784.0,1
2006-02-01,BOPTEXP_diff_lag_1,591.0,1
2006-03-01,BOPTEXP_diff_lag_1,2620.0,1
2006-04-01,BOPTEXP_diff_lag_1,400.0,1
2006-05-01,BOPTEXP_diff_lag_1,1927.0,1
2006-06-01,BOPTEXP_diff_lag_1,1454.0,1
2006-07-01,BOPTEXP_diff_lag_1,-2250.0,1
2006-08-01,BOPTEXP_diff_lag_1,2518.0,1
2006-09-01,BOPTEXP_diff_lag_1,1241.0,1
2006-10-01,BOPTEXP_diff_lag_1,2084.0,1
2006-11-01,BOPTEXP_diff_lag_1,1799.0,1
2006-12-01,BOPTEXP_diff_lag_1,1112.0,1
2007-01-01,BOPTEXP_diff_lag_1,1522.0,1
2007-02-01,BOPTEXP_diff_lag_1,-1680.0,1
2007-03-01,BOPTEXP_diff_lag_1,4734.0,1
2007-04-01,BOPTEXP_diff_lag_1,-675.0,1
2007-05-01,BOPTEXP_diff_lag_1,2725.0,1
2007-06-01,BOPTEXP_diff_lag_1,1411.0,1
2007-07-01,BOPTEXP_diff_lag_1,970.0,1
2007-08-01,BOPTEXP_diff_lag_1,2921.0,1
2007-09-01,BOPTEXP_diff_lag_1,791.0,1
2007-10-01,BOPTEXP_diff_lag_1,3461.0,1
2007-11-01,BOPTEXP_diff_lag_1,1636.0,1
2007-12-01,BOPTEXP_diff_lag_1,896.0,1
2008-01-01,BOPTEXP_diff_lag_1,2898.0,1
2008-02-01,BOPTEXP_diff_lag_1,2266.0,1
2008-03-01,BOPTEXP_diff_lag_1,-344.0,1
2008-04-01,BOPTEXP_diff_lag_1,4667.0,1
2008-05-01,BOPTEXP_diff_lag_1,2043.0,1
2008-06-01,BOPTEXP_diff_lag_1,4810.0,1
2008-07-01,BOPTEXP_diff_lag_1,1770.0,1
2008-08-01,BOPTEXP_diff_lag_1,-2721.0,1
2008-09-01,BOPTEXP_diff_lag_1,-9072.0,1
2008-10-01,BOPTEXP_diff_lag_1,-2222.0,1
2008-11-01,BOPTEXP_diff_lag_1,-8964.0,1
2008-12-01,BOPTEXP_diff_lag_1,-10028.0,1
2009-01-01,BOPTEXP_diff_lag_1,-7078.0,1
2009-02-01,BOPTEXP_diff_lag_1,2048.0,1
2009-03-01,BOPTEXP_diff_lag_1,-1344.0,1
2009-04-01,BOPTEXP_diff_lag_1,-1608.0,1
2009-05-01,BOPTEXP_diff_lag_1,1831.0,1
2009-06-01,BOPTEXP_diff_lag_1,2670.0,1
2009-07-01,BOPTEXP_diff_lag_1,1957.0,1
2009-08-01,BOPTEXP_diff_lag_1,590.0,1
2009-09-01,BOPTEXP_diff_lag_1,4704.0,1
2009-10-01,BOPTEXP_diff_lag_1,4259.0,1
2009-11-01,BOPTEXP_diff_lag_1,969.0,1
2009-12-01,BOPTEXP_diff_lag_1,3348.0,1
2010-01-01,BOPTEXP_diff_lag_1,-853.0,1
2010-02-01,BOPTEXP_diff_lag_1,1112.0,1
2010-03-01,BOPTEXP_diff_lag_1,4202.0,1
2010-04-01,BOPTEXP_diff_lag_1,-1332.0,1
2010-05-01,BOPTEXP_diff_lag_1,4640.0,1
2010-06-01,BOPTEXP_diff_lag_1,-505.0,1
2010-07-01,BOPTEXP_diff_lag_1,3195.0,1
2010-08-01,BOPTEXP_diff_lag_1,748.0,1
2010-09-01,BOPTEXP_diff_lag_1,1137.0,1
2010-10-01,BOPTEXP_diff_lag_1,5928.0,1
2010-11-01,BOPTEXP_diff_lag_1,1347.0,1
2010-12-01,BOPTEXP_diff_lag_1,2871.0,1
2011-01-01,BOPTEXP_diff_lag_1,1495.0,1
2011-02-01,BOPTEXP_diff_lag_1,-1616.0,1
2011-03-01,BOPTEXP_diff_lag_1,8143.0,1
2011-04-01,BOPTEXP_diff_lag_1,2281.0,1
2011-05-01,BOPTEXP_diff_lag_1,-4.0,1
2011-06-01,BOPTEXP_diff_lag_1,-1968.0,1
2011-07-01,BOPTEXP_diff_lag_1,4328.0,1
2011-08-01,BOPTEXP_diff_lag_1,572.0,1
2011-09-01,BOPTEXP_diff_lag_1,1520.0,1
2011-10-01,BOPTEXP_diff_lag_1,-288.0,1
2011-11-01,BOPTEXP_diff_lag_1,-1927.0,1
2011-12-01,BOPTEXP_diff_lag_1,945.0,1
2012-01-01,BOPTEXP_diff_lag_1,-711.0,1
2012-02-01,BOPTEXP_diff_lag_1,2558.0,1
2012-03-01,BOPTEXP_diff_lag_1,3909.0,1
2012-04-01,BOPTEXP_diff_lag_1,-1566.0,1
2012-05-01,BOPTEXP_diff_lag_1,375.0,1
2012-06-01,BOPTEXP_diff_lag_1,-44.0,1
2012-07-01,BOPTEXP_diff_lag_1,-1073.0,1
2012-08-01,BOPTEXP_diff_lag_1,-1045.0,1
2012-09-01,BOPTEXP_diff_lag_1,5492.0,1
2012-10-01,BOPTEXP_diff_lag_1,-5587.0,1
2012-11-01,BOPTEXP_diff_lag_1,2717.0,1
2012-12-01,BOPTEXP_diff_lag_1,3815.0,1
2013-01-01,BOPTEXP_diff_lag_1,-1037.0,1
2013-02-01,BOPTEXP_diff_lag_1,2454.0,1
2013-03-01,BOPTEXP_diff_lag_1,-2582.0,1
2013-04-01,BOPTEXP_diff_lag_1,1374.0,1
2013-05-01,BOPTEXP_diff_lag_1,-1095.0,1
2013-06-01,BOPTEXP_diff_lag_1,2830.0,1
2013-07-01,BOPTEXP_diff_lag_1,-846.0,1
2013-08-01,BOPTEXP_diff_lag_1,-38.0,1
2013-09-01,BOPTEXP_diff_lag_1,57.0,1
2013-10-01,BOPTEXP_diff_lag_1,3932.0,1
2013-11-01,BOPTEXP_diff_lag_1,935.0,1
2013-12-01,BOPTEXP_diff_lag_1,-923.0,1
2014-01-01,BOPTEXP_diff_lag_1,-258.0,1
2014-02-01,BOPTEXP_diff_lag_1,-107.0,1
2014-03-01,BOPTEXP_diff_lag_1,4394.0,1
2014-04-01,BOPTEXP_diff_lag_1,-768.0,1
2014-05-01,BOPTEXP_diff_lag_1,1904.0,1
2014-06-01,BOPTEXP_diff_lag_1,-660.0,1
2014-07-01,BOPTEXP_diff_lag_1,332.0,1
2014-08-01,BOPTEXP_diff_lag_1,887.0,1
2014-09-01,BOPTEXP_diff_lag_1,-2538.0,1
2014-10-01,BOPTEXP_diff_lag_1,2300.0,1
2014-11-01,BOPTEXP_diff_lag_1,-2298.0,1
2014-12-01,BOPTEXP_diff_lag_1,-367.0,1
2015-01-01,BOPTEXP_diff_lag_1,-5540.0,1
2015-02-01,BOPTEXP_diff_lag_1,-1784.0,1
2015-03-01,BOPTEXP_diff_lag_1,997.0,1
2015-04-01,BOPTEXP_diff_lag_1,1233.0,1
2015-05-01,BOPTEXP_diff_lag_1,-737.0,1
2015-06-01,BOPTEXP_diff_lag_1,-506.0,1
2015-07-01,BOPTEXP_diff_lag_1,-725.0,1
2015-08-01,BOPTEXP_diff_lag_1,-3003.0,1
2015-09-01,BOPTEXP_diff_lag_1,608.0,1
2015-10-01,BOPTEXP_diff_lag_1,-1933.0,1
2015-11-01,BOPTEXP_diff_lag_1,-1657.0,1
2015-12-01,BOPTEXP_diff_lag_1,-1721.0,1
2016-01-01,BOPTEXP_diff_lag_1,-3615.0,1
2016-02-01,BOPTEXP_diff_lag_1,1825.0,1
2016-03-01,BOPTEXP_diff_lag_1,-499.0,1
2016-04-01,BOPTEXP_diff_lag_1,2118.0,1
2016-05-01,BOPTEXP_diff_lag_1,1015.0,1
2016-06-01,BOPTEXP_diff_lag_1,830.0,1
2016-07-01,BOPTEXP_diff_lag_1,1871.0,1
2016-08-01,BOPTEXP_diff_lag_1,1799.0,1
2016-09-01,BOPTEXP_diff_lag_1,881.0,1
2016-10-01,BOPTEXP_diff_lag_1,-2088.0,1
2016-11-01,BOPTEXP_diff_lag_1,-1402.0,1
2016-12-01,BOPTEXP_diff_lag_1,4754.0,1
2017-01-01,BOPTEXP_diff_lag_1,1298.0,1
2017-02-01,BOPTEXP_diff_lag_1,910.0,1
2017-03-01,BOPTEXP_diff_lag_1,196.0,1
2017-04-01,BOPTEXP_diff_lag_1,-342.0,1
2017-05-01,BOPTEXP_diff_lag_1,578.0,1
2017-06-01,BOPTEXP_diff_lag_1,2006.0,1
2017-07-01,BOPTEXP_diff_lag_1,382.0,1
2017-08-01,BOPTEXP_diff_lag_1,434.0,1
2017-09-01,BOPTEXP_diff_lag_1,2758.0,1
2017-10-01,BOPTEXP_diff_lag_1,277.0,1
2017-11-01,BOPTEXP_diff_lag_1,3666.0,1
2017-12-01,BOPTEXP_diff_lag_1,2697.0,1
2018-01-01,BOPTEXP_diff_lag_1,-3716.0,1
2018-02-01,BOPTEXP_diff_lag_1,3437.0,1
2018-03-01,BOPTEXP_diff_lag_1,4520.0,1
2018-04-01,BOPTEXP_diff_lag_1,-132.0,1
2018-05-01,BOPTEXP_diff_lag_1,3754.0,1
2018-06-01,BOPTEXP_diff_lag_1,-1778.0,1
2018-07-01,BOPTEXP_diff_lag_1,-2088.0,1
2018-08-01,BOPTEXP_diff_lag_1,-1514.0,1
2018-09-01,BOPTEXP_diff_lag_1,3147.0,1
2018-10-01,BOPTEXP_diff_lag_1,76.0,1
2018-11-01,BOPTEXP_diff_lag_1,-1373.0,1
2018-12-01,BOPTEXP_diff_lag_1,-3932.0,1
2019-01-01,BOPTEXP_diff_lag_1,1962.0,1
2019-02-01,BOPTEXP_diff_lag_1,2335.0,1
2000-01-01,W824RC1_diff_lag_2,1.199997,0
2000-02-01,W824RC1_diff_lag_2,1.2999878,0
2000-03-01,W824RC1_diff_lag_2,1.6000061,0
2000-04-01,W824RC1_diff_lag_2,1.9000092,0
2000-05-01,W824RC1_diff_lag_2,2.300003,0
2000-06-01,W824RC1_diff_lag_2,2.5999908,0
2000-07-01,W824RC1_diff_lag_2,2.899994,0
2000-08-01,W824RC1_diff_lag_2,3.2000122,0
2000-09-01,W824RC1_diff_lag_2,3.5,0
2000-10-01,W824RC1_diff_lag_2,3.899994,0
2000-11-01,W824RC1_diff_lag_2,4.199997,0
2000-12-01,W824RC1_diff_lag_2,4.5,0
2001-01-01,W824RC1_diff_lag_2,4.800003,0
2001-02-01,W824RC1_diff_lag_2,4.899994,0
2001-03-01,W824RC1_diff_lag_2,4.699997,0
2001-04-01,W824RC1_diff_lag_2,4.400009,0
2001-05-01,W824RC1_diff_lag_2,4.199997,0
2001-06-01,W824RC1_diff_lag_2,4.0,0
2001-07-01,W824RC1_diff_lag_2,3.800003,0
2001-08-01,W824RC1_diff_lag_2,3.5999908,0
2001-09-01,W824RC1_diff_lag_2,3.300003,0
2001-10-01,W824RC1_diff_lag_2,3.100006,0
2001-11-01,W824RC1_diff_lag_2,2.800003,0
2001-12-01,W824RC1_diff_lag_2,2.5,0
2002-01-01,W824RC1_diff_lag_2,2.5,0
2002-02-01,W824RC1_diff_lag_2,2.600006,0
2002-03-01,W824RC1_diff_lag_2,2.5999908,0
2002-04-01,W824RC1_diff_lag_2,2.600006,0
2002-05-01,W824RC1_diff_lag_2,2.5,0
2002-06-01,W824RC1_diff_lag_2,2.5,0
2002-07-01,W824RC1_diff_lag_2,2.5,0
2002-08-01,W824RC1_diff_lag_2,2.399994,0
2002-09-01,W824RC1_diff_lag_2,2.5,0
2002-10-01,W824RC1_diff_lag_2,2.5,0
2002-11-01,W824RC1_diff_lag_2,2.3000183,0
2002-12-01,W824RC1_diff_lag_2,2.2999878,0
2003-01-01,W824RC1_diff_lag_2,2.399994,0
2003-02-01,W824RC1_diff_lag_2,2.5,0
2003-03-01,W824RC1_diff_lag_2,2.6999817,0
2003-04-01,W824RC1_diff_lag_2,2.899994,0
2003-05-01,W824RC1_diff_lag_2,3.100006,0
2003-06-01,W824RC1_diff_lag_2,3.3000183,0
2003-07-01,W824RC1_diff_lag_2,3.600006,0
2003-08-01,W824RC1_diff_lag_2,3.7999878,0
2003-09-01,W824RC1_diff_lag_2,4.0,0
2003-10-01,W824RC1_diff_lag_2,4.3000183,0
2003-11-01,W824RC1_diff_lag_2,4.5,0
2003-12-01,W824RC1_diff_lag_2,4.6999817,0
2004-01-01,W824RC1_diff_lag_2,5.0,0
2004-02-01,W824RC1_diff_lag_2,5.100006,0
2004-03-01,W824RC1_diff_lag_2,5.0,0
2004-04-01,W824RC1_diff_lag_2,4.899994,0
2004-05-01,W824RC1_diff_lag_2,4.899994,0
2004-06-01,W824RC1_diff_lag_2,5.100006,0
2004-07-01,W824RC1_diff_lag_2,5.399994,0
2004-08-01,W824RC1_diff_lag_2,5.5,0
2004-09-01,W824RC1_diff_lag_2,5.700012,0
2004-10-01,W824RC1_diff_lag_2,4.799988,0
2004-11-01,W824RC1_diff_lag_2,3.7999878,0
2004-12-01,W824RC1_diff_lag_2,4.4000244,0
2005-01-01,W824RC1_diff_lag_2,5.5,0
2005-02-01,W824RC1_diff_lag_2,5.5,0
2005-03-01,W824RC1_diff_lag_2,4.8000183,0
2005-04-01,W824RC1_diff_lag_2,3.899994,0
2005-05-01,W824RC1_diff_lag_2,3.5,0
2005-06-01,W824RC1_diff_lag_2,4.100006,0
2005-07-01,W824RC1_diff_lag_2,4.0,0
2005-08-01,W824RC1_diff_lag_2,3.899994,0
2005-09-01,W824RC1_diff_lag_2,4.0,0
2005-10-01,W824RC1_diff_lag_2,4.0,0
2005-11-01,W824RC1_diff_lag_2,3.899994,0
2005-12-01,W824RC1_diff_lag_2,3.899994,0
2006-01-01,W824RC1_diff_lag_2,46.5,0
2006-02-01,W824RC1_diff_lag_2,46.700012,0
2006-03-01,W824RC1_diff_lag_2,3.899994,0
2006-04-01,W824RC1_diff_lag_2,3.7999878,0
2006-05-01,W824RC1_diff_lag_2,4.200012,0
2006-06-01,W824RC1_diff_lag_2,4.200012,0
2006-07-01,W824RC1_diff_lag_2,4.299988,0
2006-08-01,W824RC1_diff_lag_2,4.399994,0
2006-09-01,W824RC1_diff_lag_2,4.5,0
2006-10-01,W824RC1_diff_lag_2,4.600006,0
2006-11-01,W824RC1_diff_lag_2,4.700012,0
2006-12-01,W824RC1_diff_lag_2,4.799988,0
2007-01-01,W824RC1_diff_lag_2,4.899994,0
2007-02-01,W824RC1_diff_lag_2,4.899994,0
2007-03-01,W824RC1_diff_lag_2,4.899994,0
2007-04-01,W824RC1_diff_lag_2,5.100006,0
2007-05-01,W824RC1_diff_lag_2,5.200012,0
2007-06-01,W824RC1_diff_lag_2,5.200012,0
2007-07-01,W824RC1_diff_lag_2,5.1999817,0
2007-08-01,W824RC1_diff_lag_2,5.299988,0
2007-09-01,W824RC1_diff_lag_2,5.4000244,0
2007-10-01,W824RC1_diff_lag_2,5.5,0
2007-11-01,W824RC1_diff_lag_2,5.5,0
2007-12-01,W824RC1_diff_lag_2,5.600006,0
2008-01-01,W824RC1_diff_lag_2,5.6999817,0
2008-02-01,W824RC1_diff_lag_2,5.600006,0
2008-03-01,W824RC1_diff_lag_2,5.700012,0
2008-04-01,W824RC1_diff_lag_2,5.799988,0
2008-05-01,W824RC1_diff_lag_2,5.6999817,0
2008-06-01,W824RC1_diff_lag_2,5.700012,0
2008-07-01,W824RC1_diff_lag_2,5.700012,0
2008-08-01,W824RC1_diff_lag_2,5.6999817,0
2008-09-01,W824RC1_diff_lag_2,5.799988,0
2008-10-01,W824RC1_diff_lag_2,5.700012,0
2008-11-01,W824RC1_diff_lag_2,5.700012,0
2008-12-01,W824RC1_diff_lag_2,5.799988,0
2009-01-01,W824RC1_diff_lag_2,5.700012,0
2009-02-01,W824RC1_diff_lag_2,5.600006,0
2009-03-01,W824RC1_diff_lag_2,5.399994,0
2009-04-01,W824RC1_diff_lag_2,5.100006,0
2009-05-01,W824RC1_diff_lag_2,4.799988,0
2009-06-01,W824RC1_diff_lag_2,4.600006,0
2009-07-01,W824RC1_diff_lag_2,4.399994,0
2009-08-01,W824RC1_diff_lag_2,4.0,0
2009-09-01,W824RC1_diff_lag_2,3.8000183,0
2009-10-01,W824RC1_diff_lag_2,3.5999756,0
2009-11-01,W824RC1_diff_lag_2,3.1999817,0
2009-12-01,W824RC1_diff_lag_2,3.0,0
2010-01-01,W824RC1_diff_lag_2,2.8000183,0
2010-02-01,W824RC1_diff_lag_2,2.600006,0
2010-03-01,W824RC1_diff_lag_2,2.7999878,0
2010-04-01,W824RC1_diff_lag_2,3.0,0
2010-05-01,W824RC1_diff_lag_2,3.100006,0
2010-06-01,W824RC1_diff_lag_2,3.1999817,0
2010-07-01,W824RC1_diff_lag_2,3.4000244,0
2010-08-01,W824RC1_diff_lag_2,3.5,0
2010-09-01,W824RC1_diff_lag_2,3.5999756,0
2010-10-01,W824RC1_diff_lag_2,3.8000488,0
2010-11-01,W824RC1_diff_lag_2,3.9000244,0
2010-12-01,W824RC1_diff_lag_2,4.0999756,0
2011-01-01,W824RC1_diff_lag_2,4.199951,0
2011-02-01,W824RC1_diff_lag_2,4.200012,0
2011-03-01,W824RC1_diff_lag_2,4.0,0
2011-04-01,W824RC1_diff_lag_2,3.8999634,0
2011-05-01,W824RC1_diff_lag_2,3.8000488,0
2011-06-01,W824RC1_diff_lag_2,3.6000366,0
2011-07-01,W824RC1_diff_lag_2,3.5,0
2011-08-01,W824RC1_diff_lag_2,3.2999878,0
2011-09-01,W824RC1_diff_lag_2,3.1999512,0
2011-10-01,W824RC1_diff_lag_2,3.0,0
2011-11-01,W824RC1_diff_lag_2,2.9000244,0
2011-12-01,W824RC1_diff_lag_2,2.7999878,0
2012-01-01,W824RC1_diff_lag_2,2.5999756,0
2012-02-01,W824RC1_diff_lag_2,2.6000366,0
2012-03-01,W824RC1_diff_lag_2,2.8000488,0
2012-04-01,W824RC1_diff_lag_2,3.0,0
2012-05-01,W824RC1_diff_lag_2,3.1999512,0
2012-06-01,W824RC1_diff_lag_2,3.3999634,0
2012-07-01,W824RC1_diff_lag_2,3.5,0
2012-08-01,W824RC1_diff_lag_2,3.7000122,0
2012-09-01,W824RC1_diff_lag_2,3.9000244,0
2012-10-01,W824RC1_diff_lag_2,4.0999756,0
2012-11-01,W824RC1_diff_lag_2,4.299988,0
2012-12-01,W824RC1_diff_lag_2,4.5,0
2013-01-01,W824RC1_diff_lag_2,4.700012,0
2013-02-01,W824RC1_diff_lag_2,4.700012,0
2013-03-01,W824RC1_diff_lag_2,4.5999756,0
2013-04-01,W824RC1_diff_lag_2,-5.3999634,0
2013-05-01,W824RC1_diff_lag_2,-5.5,0
2013-06-01,W824RC1_diff_lag_2,4.3999634,0
2013-07-01,W824RC1_diff_lag_2,4.5,0
2013-08-01,W824RC1_diff_lag_2,4.5,0
2013-09-01,W824RC1_diff_lag_2,4.300049,0
2013-10-01,W824RC1_diff_lag_2,4.299988,0
2013-11-01,W824RC1_diff_lag_2,4.299988,0
2013-12-01,W824RC1_diff_lag_2,4.200012,0
2014-01-01,W824RC1_diff_lag_2,4.200012,0
2014-02-01,W824RC1_diff_lag_2,4.4000244,0
2014-03-01,W824RC1_diff_lag_2,4.5999756,0
2014-04-01,W824RC1_diff_lag_2,4.700012,0
2014-05-01,W824RC1_diff_lag_2,4.9000244,0
2014-06-01,W824RC1_diff_lag_2,5.199951,0
2014-07-01,W824RC1_diff_lag_2,5.5,0
2014-08-01,W824RC1_diff_lag_2,5.6000366,0
2014-09-01,W824RC1_diff_lag_2,5.799988,0
2014-10-01,W824RC1_diff_lag_2,6.0999756,0
2014-11-01,W824RC1_diff_lag_2,6.299988,0
2014-12-01,W824RC1_diff_lag_2,6.5,0
2015-01-01,W824RC1_diff_lag_2,6.700012,0
2015-02-01,W824RC1_diff_lag_2,6.700012,0
2015-03-01,W824RC1_diff_lag_2,6.5,0
2015-04-01,W824RC1_diff_lag_2,6.200012,0
2015-05-01,W824RC1_diff_lag_2,5.8999634,0
2015-06-01,W824RC1_diff_lag_2,5.700012,0
2015-07-01,W824RC1_diff_lag_2,5.4000244,0
2015-08-01,W824RC1_diff_lag_2,5.199951,0
2015-09-01,W824RC1_diff_lag_2,5.0,0
2015-10-01,W824RC1_diff_lag_2,4.6000366,0
2015-11-01,W824RC1_diff_lag_2,4.4000244,0
2015-12-01,W824RC1_diff_lag_2,4.200012,0
2016-01-01,W824RC1_diff_lag_2,3.8999634,0
2016-02-01,W824RC1_diff_lag_2,3.8999634,0
2016-03-01,W824RC1_diff_lag_2,4.1000366,0
2016-04-01,W824RC1_diff_lag_2,4.299988,0
2016-05-01,W824RC1_diff_lag_2,4.5,0
2016-06-01,W824RC1_diff_lag_2,4.700012,0
2016-07-01,W824RC1_diff_lag_2,4.8999634,0
2016-08-01,W824RC1_diff_lag_2,5.1000366,0
2016-09-01,W824RC1_diff_lag_2,5.299988,0
2016-10-01,W824RC1_diff_lag_2,5.5999756,0
2016-11-01,W824RC1_diff_lag_2,5.800049,0
2016-12-01,W824RC1_diff_lag_2,5.9000244,0
2017-01-01,W824RC1_diff_lag_2,6.199951,0
2017-02-01,W824RC1_diff_lag_2,6.199951,0
2017-03-01,W824RC1_diff_lag_2,6.0,0
2017-04-01,W824RC1_diff_lag_2,5.9000244,0
2017-05-01,W824RC1_diff_lag_2,5.700012,0
2017-06-01,W824RC1_diff_lag_2,5.5,0
2017-07-01,W824RC1_diff_lag_2,5.299988,0
2017-08-01,W824RC1_diff_lag_2,5.0999756,0
2017-09-01,W824RC1_diff_lag_2,5.0,0
2017-10-01,W824RC1_diff_lag_2,4.800049,0
2017-11-01,W824RC1_diff_lag_2,4.6000366,0
2017-12-01,W824RC1_diff_lag_2,4.5,0
2018-01-01,W824RC1_diff_lag_2,4.299988,0
2018-02-01,W824RC1_diff_lag_2,4.5999756,0
2018-03-01,W824RC1_diff_lag_2,5.5999756,0
2018-04-01,W824RC1_diff_lag_2,6.799988,0
2018-05-01,W824RC1_diff_lag_2,7.800049,0
2018-06-01,W824RC1_diff_lag_2,8.700012,0
2018-07-01,W824RC1_diff_lag_2,9.699951,0
2018-08-01,W824RC1_diff_lag_2,10.700012,0
2018-09-01,W824RC1_diff_lag_2,11.700012,0
2018-10-01,W824RC1_diff_lag_2,12.599976,0
2018-11-01,W824RC1_diff_lag_2,13.5,0
2018-12-01,W824RC1_diff_lag_2,14.5,0
2019-01-01,W824RC1_diff_lag_2,15.600037,0
2019-02-01,W824RC1_diff_lag_2,15.799988,0
2000-01-01,DFXARAM1M225NBEA_diff_lag_2,-5.3,0
2000-02-01,DFXARAM1M225NBEA_diff_lag_2,-2.6,0
2000-03-01,DFXARAM1M225NBEA_diff_lag_2,6.1000004,0
2000-04-01,DFXARAM1M225NBEA_diff_lag_2,-1.1,0
2000-05-01,DFXARAM1M225NBEA_diff_lag_2,-1.6999999,0
2000-06-01,DFXARAM1M225NBEA_diff_lag_2,1.0,0
2000-07-01,DFXARAM1M225NBEA_diff_lag_2,-0.099999994,0
2000-08-01,DFXARAM1M225NBEA_diff_lag_2,-1.2,0
2000-09-01,DFXARAM1M225NBEA_diff_lag_2,0.9,0
2000-10-01,DFXARAM1M225NBEA_diff_lag_2,0.8,0
2000-11-01,DFXARAM1M225NBEA_diff_lag_2,-0.5,0
2000-12-01,DFXARAM1M225NBEA_diff_lag_2,-0.29999998,0
2001-01-01,DFXARAM1M225NBEA_diff_lag_2,0.2,0
2001-02-01,DFXARAM1M225NBEA_diff_lag_2,-1.2,0
2001-03-01,DFXARAM1M225NBEA_diff_lag_2,-0.5,0
2001-04-01,DFXARAM1M225NBEA_diff_lag_2,2.0,0
2001-05-01,DFXARAM1M225NBEA_diff_lag_2,0.70000005,0
2001-06-01,DFXARAM1M225NBEA_diff_lag_2,-1.8000001,0
2001-07-01,DFXARAM1M225NBEA_diff_lag_2,-0.5,0
2001-08-01,DFXARAM1M225NBEA_diff_lag_2,0.70000005,0
2001-09-01,DFXARAM1M225NBEA_diff_lag_2,0.7,0
2001-10-01,DFXARAM1M225NBEA_diff_lag_2,-0.4,0
2001-11-01,DFXARAM1M225NBEA_diff_lag_2,-0.6,0
2001-12-01,DFXARAM1M225NBEA_diff_lag_2,1.2,0
2002-01-01,DFXARAM1M225NBEA_diff_lag_2,-0.9,0
2002-02-01,DFXARAM1M225NBEA_diff_lag_2,-0.79999995,0
2002-03-01,DFXARAM1M225NBEA_diff_lag_2,1.3,0
2002-04-01,DFXARAM1M225NBEA_diff_lag_2,-0.8,0
2002-05-01,DFXARAM1M225NBEA_diff_lag_2,0.7,0
2002-06-01,DFXARAM1M225NBEA_diff_lag_2,0.9,0
2002-07-01,DFXARAM1M225NBEA_diff_lag_2,-0.7,0
2002-08-01,DFXARAM1M225NBEA_diff_lag_2,-0.6,0
2002-09-01,DFXARAM1M225NBEA_diff_lag_2,-0.6,0
2002-10-01,DFXARAM1M225NBEA_diff_lag_2,1.1,0
2002-11-01,DFXARAM1M225NBEA_diff_lag_2,1.1,0
2002-12-01,DFXARAM1M225NBEA_diff_lag_2,-0.7,0
2003-01-01,DFXARAM1M225NBEA_diff_lag_2,-0.3,0
2003-02-01,DFXARAM1M225NBEA_diff_lag_2,0.0,0
2003-03-01,DFXARAM1M225NBEA_diff_lag_2,-0.5,0
2003-04-01,DFXARAM1M225NBEA_diff_lag_2,0.2,0
2003-05-01,DFXARAM1M225NBEA_diff_lag_2,-0.8,0
2003-06-01,DFXARAM1M225NBEA_diff_lag_2,0.40000004,0
2003-07-01,DFXARAM1M225NBEA_diff_lag_2,1.8,0
2003-08-01,DFXARAM1M225NBEA_diff_lag_2,-0.100000024,0
2003-09-01,DFXARAM1M225NBEA_diff_lag_2,-1.0,0
2003-10-01,DFXARAM1M225NBEA_diff_lag_2,-0.7,0
2003-11-01,DFXARAM1M225NBEA_diff_lag_2,0.1,0
2003-12-01,DFXARAM1M225NBEA_diff_lag_2,-0.5,0
2004-01-01,DFXARAM1M225NBEA_diff_lag_2,1.6,0
2004-02-01,DFXARAM1M225NBEA_diff_lag_2,0.0,0
2004-03-01,DFXARAM1M225NBEA_diff_lag_2,-1.0,0
2004-04-01,DFXARAM1M225NBEA_diff_lag_2,0.8,0
2004-05-01,DFXARAM1M225NBEA_diff_lag_2,-1.0,0
2004-06-01,DFXARAM1M225NBEA_diff_lag_2,-0.2,0
2004-07-01,DFXARAM1M225NBEA_diff_lag_2,0.6,0
2004-08-01,DFXARAM1M225NBEA_diff_lag_2,0.6,0
2004-09-01,DFXARAM1M225NBEA_diff_lag_2,0.8,0
2004-10-01,DFXARAM1M225NBEA_diff_lag_2,-0.7,0
2004-11-01,DFXARAM1M225NBEA_diff_lag_2,-0.90000004,0
2004-12-01,DFXARAM1M225NBEA_diff_lag_2,0.8,0
2005-01-01,DFXARAM1M225NBEA_diff_lag_2,0.5,0
2005-02-01,DFXARAM1M225NBEA_diff_lag_2,-0.100000024,0
2005-03-01,DFXARAM1M225NBEA_diff_lag_2,-0.8,0
2005-04-01,DFXARAM1M225NBEA_diff_lag_2,-0.4,0
2005-05-01,DFXARAM1M225NBEA_diff_lag_2,-0.1,0
2005-06-01,DFXARAM1M225NBEA_diff_lag_2,0.79999995,0
2005-07-01,DFXARAM1M225NBEA_diff_lag_2,0.0,0
2005-08-01,DFXARAM1M225NBEA_diff_lag_2,-0.19999999,0
2005-09-01,DFXARAM1M225NBEA_diff_lag_2,0.6,0
2005-10-01,DFXARAM1M225NBEA_diff_lag_2,0.0,0
2005-11-01,DFXARAM1M225NBEA_diff_lag_2,-0.6,0
2005-12-01,DFXARAM1M225NBEA_diff_lag_2,-0.5,0
2006-01-01,DFXARAM1M225NBEA_diff_lag_2,-0.10000001,0
2006-02-01,DFXARAM1M225NBEA_diff_lag_2,1.0,0
2006-03-01,DFXARAM1M225NBEA_diff_lag_2,-0.19999999,0
2006-04-01,DFXARAM1M225NBEA_diff_lag_2,-0.6,0
2006-05-01,DFXARAM1M225NBEA_diff_lag_2,1.1,0
2006-06-01,DFXARAM1M225NBEA_diff_lag_2,-1.0,0
2006-07-01,DFXARAM1M225NBEA_diff_lag_2,-0.40000004,0
2006-08-01,DFXARAM1M225NBEA_diff_lag_2,0.70000005,0
2006-09-01,DFXARAM1M225NBEA_diff_lag_2,-0.7,0
2006-10-01,DFXARAM1M225NBEA_diff_lag_2,0.90000004,0
2006-11-01,DFXARAM1M225NBEA_diff_lag_2,0.5,0
2006-12-01,DFXARAM1M225NBEA_diff_lag_2,0.0,0
2007-01-01,DFXARAM1M225NBEA_diff_lag_2,-0.3,0
2007-02-01,DFXARAM1M225NBEA_diff_lag_2,-1.6,0
2007-03-01,DFXARAM1M225NBEA_diff_lag_2,0.10000001,0
2007-04-01,DFXARAM1M225NBEA_diff_lag_2,0.0,0
2007-05-01,DFXARAM1M225NBEA_diff_lag_2,0.3,0
2007-06-01,DFXARAM1M225NBEA_diff_lag_2,0.5,0
2007-07-01,DFXARAM1M225NBEA_diff_lag_2,0.3,0
2007-08-01,DFXARAM1M225NBEA_diff_lag_2,-0.90000004,0
2007-09-01,DFXARAM1M225NBEA_diff_lag_2,-0.2,0
2007-10-01,DFXARAM1M225NBEA_diff_lag_2,0.8,0
2007-11-01,DFXARAM1M225NBEA_diff_lag_2,0.3,0
2007-12-01,DFXARAM1M225NBEA_diff_lag_2,0.6,0
2008-01-01,DFXARAM1M225NBEA_diff_lag_2,-1.3,0
2008-02-01,DFXARAM1M225NBEA_diff_lag_2,-1.3,0
2008-03-01,DFXARAM1M225NBEA_diff_lag_2,1.1,0
2008-04-01,DFXARAM1M225NBEA_diff_lag_2,0.5,0
2008-05-01,DFXARAM1M225NBEA_diff_lag_2,-0.20000002,0
2008-06-01,DFXARAM1M225NBEA_diff_lag_2,-0.2,0
2008-07-01,DFXARAM1M225NBEA_diff_lag_2,-0.90000004,0
2008-08-01,DFXARAM1M225NBEA_diff_lag_2,0.0,0
2008-09-01,DFXARAM1M225NBEA_diff_lag_2,-0.40000004,0
2008-10-01,DFXARAM1M225NBEA_diff_lag_2,0.0,0
2008-11-01,DFXARAM1M225NBEA_diff_lag_2,1.2,0
2008-12-01,DFXARAM1M225NBEA_diff_lag_2,-0.099999994,0
2009-01-01,DFXARAM1M225NBEA_diff_lag_2,1.2,0
2009-02-01,DFXARAM1M225NBEA_diff_lag_2,-0.3,0
2009-03-01,DFXARAM1M225NBEA_diff_lag_2,-1.0,0
2009-04-01,DFXARAM1M225NBEA_diff_lag_2,1.3,0
2009-05-01,DFXARAM1M225NBEA_diff_lag_2,0.40000004,0
2009-06-01,DFXARAM1M225NBEA_diff_lag_2,-0.9,0
2009-07-01,DFXARAM1M225NBEA_diff_lag_2,-0.20000002,0
2009-08-01,DFXARAM1M225NBEA_diff_lag_2,0.4,0
2009-09-01,DFXARAM1M225NBEA_diff_lag_2,0.4,0
2009-10-01,DFXARAM1M225NBEA_diff_lag_2,0.0,0
2009-11-01,DFXARAM1M225NBEA_diff_lag_2,-1.2,0
2009-12-01,DFXARAM1M225NBEA_diff_lag_2,0.8,0
2010-01-01,DFXARAM1M225NBEA_diff_lag_2,-0.099999994,0
2010-02-01,DFXARAM1M225NBEA_diff_lag_2,0.90000004,0
2010-03-01,DFXARAM1M225NBEA_diff_lag_2,-0.70000005,0
2010-04-01,DFXARAM1M225NBEA_diff_lag_2,-1.7,0
2010-05-01,DFXARAM1M225NBEA_diff_lag_2,0.90000004,0
2010-06-01,DFXARAM1M225NBEA_diff_lag_2,-0.3,0
2010-07-01,DFXARAM1M225NBEA_diff_lag_2,0.3,0
2010-08-01,DFXARAM1M225NBEA_diff_lag_2,0.8,0
2010-09-01,DFXARAM1M225NBEA_diff_lag_2,0.3,0
2010-10-01,DFXARAM1M225NBEA_diff_lag_2,-0.6,0
2010-11-01,DFXARAM1M225NBEA_diff_lag_2,0.59999996,0
2010-12-01,DFXARAM1M225NBEA_diff_lag_2,-0.20000002,0
2011-01-01,DFXARAM1M225NBEA_diff_lag_2,-0.7,0
2011-02-01,DFXARAM1M225NBEA_diff_lag_2,0.20000002,0
2011-03-01,DFXARAM1M225NBEA_diff_lag_2,-0.9,0
2011-04-01,DFXARAM1M225NBEA_diff_lag_2,0.90000004,0
2011-05-01,DFXARAM1M225NBEA_diff_lag_2,-0.40000004,0
2011-06-01,DFXARAM1M225NBEA_diff_lag_2,-0.19999999,0
2011-07-01,DFXARAM1M225NBEA_diff_lag_2,0.90000004,0
2011-08-01,DFXARAM1M225NBEA_diff_lag_2,-0.70000005,0
2011-09-01,DFXARAM1M225NBEA_diff_lag_2,-0.3,0
2011-10-01,DFXARAM1M225NBEA_diff_lag_2,0.5,0
2011-11-01,DFXARAM1M225NBEA_diff_lag_2,0.7,0
2011-12-01,DFXARAM1M225NBEA_diff_lag_2,-1.1,0
2012-01-01,DFXARAM1M225NBEA_diff_lag_2,0.6,0
2012-02-01,DFXARAM1M225NBEA_diff_lag_2,0.9,0
2012-03-01,DFXARAM1M225NBEA_diff_lag_2,-0.4,0
2012-04-01,DFXARAM1M225NBEA_diff_lag_2,0.0,0
2012-05-01,DFXARAM1M225NBEA_diff_lag_2,-0.3,0
2012-06-01,DFXARAM1M225NBEA_diff_lag_2,-0.4,0
2012-07-01,DFXARAM1M225NBEA_diff_lag_2,0.20000002,0
2012-08-01,DFXARAM1M225NBEA_diff_lag_2,-0.10000001,0
2012-09-01,DFXARAM1M225NBEA_diff_lag_2,0.0,0
2012-10-01,DFXARAM1M225NBEA_diff_lag_2,0.6,0
2012-11-01,DFXARAM1M225NBEA_diff_lag_2,-0.6,0
2012-12-01,DFXARAM1M225NBEA_diff_lag_2,-0.4,0
2013-01-01,DFXARAM1M225NBEA_diff_lag_2,0.4,0
2013-02-01,DFXARAM1M225NBEA_diff_lag_2,0.90000004,0
2013-03-01,DFXARAM1M225NBEA_diff_lag_2,-0.70000005,0
2013-04-01,DFXARAM1M225NBEA_diff_lag_2,-1.5,0
2013-05-01,DFXARAM1M225NBEA_diff_lag_2,1.5,0
2013-06-01,DFXARAM1M225NBEA_diff_lag_2,0.5,0
2013-07-01,DFXARAM1M225NBEA_diff_lag_2,-0.39999998,0
2013-08-01,DFXARAM1M225NBEA_diff_lag_2,0.2,0
2013-09-01,DFXARAM1M225NBEA_diff_lag_2,-0.099999994,0
2013-10-01,DFXARAM1M225NBEA_diff_lag_2,-0.1,0
2013-11-01,DFXARAM1M225NBEA_diff_lag_2,0.099999994,0
2013-12-01,DFXARAM1M225NBEA_diff_lag_2,0.8,0
2014-01-01,DFXARAM1M225NBEA_diff_lag_2,-0.5,0
2014-02-01,DFXARAM1M225NBEA_diff_lag_2,-0.5,0
2014-03-01,DFXARAM1M225NBEA_diff_lag_2,-0.4,0
2014-04-01,DFXARAM1M225NBEA_diff_lag_2,0.0,0
2014-05-01,DFXARAM1M225NBEA_diff_lag_2,0.2,0
2014-06-01,DFXARAM1M225NBEA_diff_lag_2,0.6,0
2014-07-01,DFXARAM1M225NBEA_diff_lag_2,0.2,0
2014-08-01,DFXARAM1M225NBEA_diff_lag_2,-0.8,0
2014-09-01,DFXARAM1M225NBEA_diff_lag_2,0.0,0
2014-10-01,DFXARAM1M225NBEA_diff_lag_2,0.4,0
2014-11-01,DFXARAM1M225NBEA_diff_lag_2,0.0,0
2014-12-01,DFXARAM1M225NBEA_diff_lag_2,-0.5,0
2015-01-01,DFXARAM1M225NBEA_diff_lag_2,0.5,0
2015-02-01,DFXARAM1M225NBEA_diff_lag_2,0.1,0
2015-03-01,DFXARAM1M225NBEA_diff_lag_2,-0.099999994,0
2015-04-01,DFXARAM1M225NBEA_diff_lag_2,-0.1,0
2015-05-01,DFXARAM1M225NBEA_diff_lag_2,-0.4,0
2015-06-01,DFXARAM1M225NBEA_diff_lag_2,0.1,0
2015-07-01,DFXARAM1M225NBEA_diff_lag_2,0.3,0
2015-08-01,DFXARAM1M225NBEA_diff_lag_2,-0.2,0
2015-09-01,DFXARAM1M225NBEA_diff_lag_2,0.099999994,0
2015-10-01,DFXARAM1M225NBEA_diff_lag_2,-0.5,0
2015-11-01,DFXARAM1M225NBEA_diff_lag_2,0.49999997,0
2015-12-01,DFXARAM1M225NBEA_diff_lag_2,1.4,0
2016-01-01,DFXARAM1M225NBEA_diff_lag_2,-0.7,0
2016-02-01,DFXARAM1M225NBEA_diff_lag_2,-0.19999999,0
2016-03-01,DFXARAM1M225NBEA_diff_lag_2,-0.3,0
2016-04-01,DFXARAM1M225NBEA_diff_lag_2,0.5,0
2016-05-01,DFXARAM1M225NBEA_diff_lag_2,1.0,0
2016-06-01,DFXARAM1M225NBEA_diff_lag_2,-0.8,0
2016-07-01,DFXARAM1M225NBEA_diff_lag_2,-1.0,0
2016-08-01,DFXARAM1M225NBEA_diff_lag_2,0.10000001,0
2016-09-01,DFXARAM1M225NBEA_diff_lag_2,0.0,0
2016-10-01,DFXARAM1M225NBEA_diff_lag_2,0.3,0
2016-11-01,DFXARAM1M225NBEA_diff_lag_2,0.1,0
2016-12-01,DFXARAM1M225NBEA_diff_lag_2,-0.8,0
2017-01-01,DFXARAM1M225NBEA_diff_lag_2,0.7,0
2017-02-01,DFXARAM1M225NBEA_diff_lag_2,-0.40000004,0
2017-03-01,DFXARAM1M225NBEA_diff_lag_2,-0.29999998,0
2017-04-01,DFXARAM1M225NBEA_diff_lag_2,0.8,0
2017-05-01,DFXARAM1M225NBEA_diff_lag_2,-0.5,0
2017-06-01,DFXARAM1M225NBEA_diff_lag_2,-0.1,0
2017-07-01,DFXARAM1M225NBEA_diff_lag_2,0.2,0
2017-08-01,DFXARAM1M225NBEA_diff_lag_2,0.7,0
2017-09-01,DFXARAM1M225NBEA_diff_lag_2,0.3,0
2017-10-01,DFXARAM1M225NBEA_diff_lag_2,-0.5,0
2017-11-01,DFXARAM1M225NBEA_diff_lag_2,0.20000002,0
2017-12-01,DFXARAM1M225NBEA_diff_lag_2,0.19999999,0
2018-01-01,DFXARAM1M225NBEA_diff_lag_2,-0.90000004,0
2018-02-01,DFXARAM1M225NBEA_diff_lag_2,-0.3,0
2018-03-01,DFXARAM1M225NBEA_diff_lag_2,0.70000005,0
2018-04-01,DFXARAM1M225NBEA_diff_lag_2,-0.4,0
2018-05-01,DFXARAM1M225NBEA_diff_lag_2,0.49999997,0
2018-06-01,DFXARAM1M225NBEA_diff_lag_2,0.0,0
2018-07-01,DFXARAM1M225NBEA_diff_lag_2,-0.19999999,0
2018-08-01,DFXARAM1M225NBEA_diff_lag_2,0.2,0
2018-09-01,DFXARAM1M225NBEA_diff_lag_2,-0.8,0
2018-10-01,DFXARAM1M225NBEA_diff_lag_2,0.3,0
2018-11-01,DFXARAM1M225NBEA_diff_lag_2,0.6,0
2018-12-01,DFXARAM1M225NBEA_diff_lag_2,-1.5999999,0
2019-01-01,DFXARAM1M225NBEA_diff_lag_2,0.79999995,0
2019-02-01,DFXARAM1M225NBEA_diff_lag_2,-0.5,0
2000-01-01,CRLLCBM027SBOG_diff_lag_1,3.4659119,0
2000-02-01,CRLLCBM027SBOG_diff_lag_1,0.7435913,0
2000-03-01,CRLLCBM027SBOG_diff_lag_1,6.592407,0
2000-04-01,CRLLCBM027SBOG_diff_lag_1,7.242981,0
2000-05-01,CRLLCBM027SBOG_diff_lag_1,6.74881,0
2000-06-01,CRLLCBM027SBOG_diff_lag_1,6.4904175,0
2000-07-01,CRLLCBM027SBOG_diff_lag_1,-1.3269043,0
2000-08-01,CRLLCBM027SBOG_diff_lag_1,1.2363892,0
2000-09-01,CRLLCBM027SBOG_diff_lag_1,2.0068054,0
2000-10-01,CRLLCBM027SBOG_diff_lag_1,-0.3677063,0
2000-11-01,CRLLCBM027SBOG_diff_lag_1,0.65219116,0
2000-12-01,CRLLCBM027SBOG_diff_lag_1,-1.7003784,0
2001-01-01,CRLLCBM027SBOG_diff_lag_1,-2.776123,0
2001-02-01,CRLLCBM027SBOG_diff_lag_1,-0.7681885,0
2001-03-01,CRLLCBM027SBOG_diff_lag_1,1.2374878,0
2001-04-01,CRLLCBM027SBOG_diff_lag_1,13.91272,0
2001-05-01,CRLLCBM027SBOG_diff_lag_1,1.0304871,0
2001-06-01,CRLLCBM027SBOG_diff_lag_1,-3.8852844,0
2001-07-01,CRLLCBM027SBOG_diff_lag_1,-6.4778137,0
2001-08-01,CRLLCBM027SBOG_diff_lag_1,-6.7204895,0
2001-09-01,CRLLCBM027SBOG_diff_lag_1,-2.392395,0
2001-10-01,CRLLCBM027SBOG_diff_lag_1,-10.289703,0
2001-11-01,CRLLCBM027SBOG_diff_lag_1,3.7616882,0
2001-12-01,CRLLCBM027SBOG_diff_lag_1,5.092102,0
2002-01-01,CRLLCBM027SBOG_diff_lag_1,-4.044098,0
2002-02-01,CRLLCBM027SBOG_diff_lag_1,-1.2710876,0
2002-03-01,CRLLCBM027SBOG_diff_lag_1,-2.1403198,0
2002-04-01,CRLLCBM027SBOG_diff_lag_1,-4.1460876,0
2002-05-01,CRLLCBM027SBOG_diff_lag_1,-11.817413,0
2002-06-01,CRLLCBM027SBOG_diff_lag_1,7.547699,0
2002-07-01,CRLLCBM027SBOG_diff_lag_1,3.1834106,0
2002-08-01,CRLLCBM027SBOG_diff_lag_1,9.820404,0
2002-09-01,CRLLCBM027SBOG_diff_lag_1,15.906494,0
2002-10-01,CRLLCBM027SBOG_diff_lag_1,21.6622,0
2002-11-01,CRLLCBM027SBOG_diff_lag_1,15.498474,0
2002-12-01,CRLLCBM027SBOG_diff_lag_1,7.9471436,0
2003-01-01,CRLLCBM027SBOG_diff_lag_1,-4.277893,0
2003-02-01,CRLLCBM027SBOG_diff_lag_1,9.91095,0
2003-03-01,CRLLCBM027SBOG_diff_lag_1,3.9089355,0
2003-04-01,CRLLCBM027SBOG_diff_lag_1,6.3217163,0
2003-05-01,CRLLCBM027SBOG_diff_lag_1,7.1278687,0
2003-06-01,CRLLCBM027SBOG_diff_lag_1,5.8759766,0
2003-07-01,CRLLCBM027SBOG_diff_lag_1,7.6399536,0
2003-08-01,CRLLCBM027SBOG_diff_lag_1,16.798157,0
2003-09-01,CRLLCBM027SBOG_diff_lag_1,4.4782104,0
2003-10-01,CRLLCBM027SBOG_diff_lag_1,-19.070862,0
2003-11-01,CRLLCBM027SBOG_diff_lag_1,-11.402039,0
2003-12-01,CRLLCBM027SBOG_diff_lag_1,2.0692139,0
2004-01-01,CRLLCBM027SBOG_diff_lag_1,27.44519,0
2004-02-01,CRLLCBM027SBOG_diff_lag_1,1.7302856,0
2004-03-01,CRLLCBM027SBOG_diff_lag_1,8.674133,0
2004-04-01,CRLLCBM027SBOG_diff_lag_1,17.326965,0
2004-05-01,CRLLCBM027SBOG_diff_lag_1,9.935303,0
2004-06-01,CRLLCBM027SBOG_diff_lag_1,13.563416,0
2004-07-01,CRLLCBM027SBOG_diff_lag_1,-10.173706,0
2004-08-01,CRLLCBM027SBOG_diff_lag_1,-1.2301025,0
2004-09-01,CRLLCBM027SBOG_diff_lag_1,4.331604,0
2004-10-01,CRLLCBM027SBOG_diff_lag_1,-2.621704,0
2004-11-01,CRLLCBM027SBOG_diff_lag_1,6.247986,0
2004-12-01,CRLLCBM027SBOG_diff_lag_1,2.61615,0
2005-01-01,CRLLCBM027SBOG_diff_lag_1,-4.4907227,0
2005-02-01,CRLLCBM027SBOG_diff_lag_1,1.4110718,0
2005-03-01,CRLLCBM027SBOG_diff_lag_1,9.071533,0
2005-04-01,CRLLCBM027SBOG_diff_lag_1,-2.395996,0
2005-05-01,CRLLCBM027SBOG_diff_lag_1,-6.5634155,0
2005-06-01,CRLLCBM027SBOG_diff_lag_1,6.370178,0
2005-07-01,CRLLCBM027SBOG_diff_lag_1,15.145325,0
2005-08-01,CRLLCBM027SBOG_diff_lag_1,12.954895,0
2005-09-01,CRLLCBM027SBOG_diff_lag_1,2.4816895,0
2005-10-01,CRLLCBM027SBOG_diff_lag_1,4.003113,0
2005-11-01,CRLLCBM027SBOG_diff_lag_1,8.615234,0
2005-12-01,CRLLCBM027SBOG_diff_lag_1,4.4977417,0
2006-01-01,CRLLCBM027SBOG_diff_lag_1,-1.9907837,0
2006-02-01,CRLLCBM027SBOG_diff_lag_1,5.5787964,0
2006-03-01,CRLLCBM027SBOG_diff_lag_1,5.2888184,0
2006-04-01,CRLLCBM027SBOG_diff_lag_1,14.215515,0
2006-05-01,CRLLCBM027SBOG_diff_lag_1,6.626709,0
2006-06-01,CRLLCBM027SBOG_diff_lag_1,11.756775,0
2006-07-01,CRLLCBM027SBOG_diff_lag_1,6.253296,0
2006-08-01,CRLLCBM027SBOG_diff_lag_1,-6.6970215,0
2006-09-01,CRLLCBM027SBOG_diff_lag_1,12.024597,0
2006-10-01,CRLLCBM027SBOG_diff_lag_1,105.51642,0
2006-11-01,CRLLCBM027SBOG_diff_lag_1,6.5117188,0
2006-12-01,CRLLCBM027SBOG_diff_lag_1,8.610474,0
2007-01-01,CRLLCBM027SBOG_diff_lag_1,7.722534,0
2007-02-01,CRLLCBM027SBOG_diff_lag_1,10.708374,0
2007-03-01,CRLLCBM027SBOG_diff_lag_1,27.809937,0
2007-04-01,CRLLCBM027SBOG_diff_lag_1,20.152466,0
2007-05-01,CRLLCBM027SBOG_diff_lag_1,7.1799316,0
2007-06-01,CRLLCBM027SBOG_diff_lag_1,7.693054,0
2007-07-01,CRLLCBM027SBOG_diff_lag_1,11.537903,0
2007-08-01,CRLLCBM027SBOG_diff_lag_1,3.5736084,0
2007-09-01,CRLLCBM027SBOG_diff_lag_1,5.1868896,0
2007-10-01,CRLLCBM027SBOG_diff_lag_1,36.927734,0
2007-11-01,CRLLCBM027SBOG_diff_lag_1,11.854736,0
2007-12-01,CRLLCBM027SBOG_diff_lag_1,-3.3632812,0
2008-01-01,CRLLCBM027SBOG_diff_lag_1,-1.3879395,0
2008-02-01,CRLLCBM027SBOG_diff_lag_1,-3.0570068,0
2008-03-01,CRLLCBM027SBOG_diff_lag_1,0.87231445,0
2008-04-01,CRLLCBM027SBOG_diff_lag_1,-4.72406,0
2008-05-01,CRLLCBM027SBOG_diff_lag_1,-19.476807,0
2008-06-01,CRLLCBM027SBOG_diff_lag_1,-24.854675,0
2008-07-01,CRLLCBM027SBOG_diff_lag_1,-15.35907,0
2008-08-01,CRLLCBM027SBOG_diff_lag_1,-8.802551,0
2008-09-01,CRLLCBM027SBOG_diff_lag_1,14.403748,0
2008-10-01,CRLLCBM027SBOG_diff_lag_1,73.48627,0
2008-11-01,CRLLCBM027SBOG_diff_lag_1,-6.688965,0
2008-12-01,CRLLCBM027SBOG_diff_lag_1,-6.791504,0
2009-01-01,CRLLCBM027SBOG_diff_lag_1,-23.589722,0
2009-02-01,CRLLCBM027SBOG_diff_lag_1,8.228027,0
2009-03-01,CRLLCBM027SBOG_diff_lag_1,-2.5823364,0
2009-04-01,CRLLCBM027SBOG_diff_lag_1,16.811584,0
2009-05-01,CRLLCBM027SBOG_diff_lag_1,37.4115,0
2009-06-01,CRLLCBM027SBOG_diff_lag_1,-6.468872,0
2009-07-01,CRLLCBM027SBOG_diff_lag_1,-6.8791504,0
2009-08-01,CRLLCBM027SBOG_diff_lag_1,-9.615967,0
2009-09-01,CRLLCBM027SBOG_diff_lag_1,-29.07721,0
2009-10-01,CRLLCBM027SBOG_diff_lag_1,-7.8710938,0
2009-11-01,CRLLCBM027SBOG_diff_lag_1,57.19696,0
2009-12-01,CRLLCBM027SBOG_diff_lag_1,-1.8649902,0
2010-01-01,CRLLCBM027SBOG_diff_lag_1,-4.0684814,0
2010-02-01,CRLLCBM027SBOG_diff_lag_1,-17.08252,0
2010-03-01,CRLLCBM027SBOG_diff_lag_1,-5.410034,0
2010-04-01,CRLLCBM027SBOG_diff_lag_1,9.184204,0
2010-05-01,CRLLCBM027SBOG_diff_lag_1,0.93200684,0
2010-06-01,CRLLCBM027SBOG_diff_lag_1,-2.2242432,0
2010-07-01,CRLLCBM027SBOG_diff_lag_1,-4.116577,0
2010-08-01,CRLLCBM027SBOG_diff_lag_1,2.1088867,0
2010-09-01,CRLLCBM027SBOG_diff_lag_1,5.743164,0
2010-10-01,CRLLCBM027SBOG_diff_lag_1,0.35510254,0
2010-11-01,CRLLCBM027SBOG_diff_lag_1,10.735107,0
2010-12-01,CRLLCBM027SBOG_diff_lag_1,14.109131,0
2011-01-01,CRLLCBM027SBOG_diff_lag_1,-3.1516113,0
2011-02-01,CRLLCBM027SBOG_diff_lag_1,-9.066895,0
2011-03-01,CRLLCBM027SBOG_diff_lag_1,-10.333984,0
2011-04-01,CRLLCBM027SBOG_diff_lag_1,-8.419067,0
2011-05-01,CRLLCBM027SBOG_diff_lag_1,-4.729126,0
2011-06-01,CRLLCBM027SBOG_diff_lag_1,1.9991455,0
2011-07-01,CRLLCBM027SBOG_diff_lag_1,8.60083,0
2011-08-01,CRLLCBM027SBOG_diff_lag_1,6.4403076,0
2011-09-01,CRLLCBM027SBOG_diff_lag_1,-0.21435547,0
2011-10-01,CRLLCBM027SBOG_diff_lag_1,7.998047,0
2011-11-01,CRLLCBM027SBOG_diff_lag_1,1.6369629,0
2011-12-01,CRLLCBM027SBOG_diff_lag_1,-0.75671387,0
2012-01-01,CRLLCBM027SBOG_diff_lag_1,2.2388916,0
2012-02-01,CRLLCBM027SBOG_diff_lag_1,3.065918,0
2012-03-01,CRLLCBM027SBOG_diff_lag_1,5.6398926,0
2012-04-01,CRLLCBM027SBOG_diff_lag_1,0.3088379,0
2012-05-01,CRLLCBM027SBOG_diff_lag_1,7.1688232,0
2012-06-01,CRLLCBM027SBOG_diff_lag_1,-11.521606,0
2012-07-01,CRLLCBM027SBOG_diff_lag_1,4.416748,0
2012-08-01,CRLLCBM027SBOG_diff_lag_1,4.2906494,0
2012-09-01,CRLLCBM027SBOG_diff_lag_1,5.1949463,0
2012-10-01,CRLLCBM027SBOG_diff_lag_1,2.762207,0
2012-11-01,CRLLCBM027SBOG_diff_lag_1,29.938965,0
2012-12-01,CRLLCBM027SBOG_diff_lag_1,-1.2580566,0
2013-01-01,CRLLCBM027SBOG_diff_lag_1,6.8670654,0
2013-02-01,CRLLCBM027SBOG_diff_lag_1,-0.69799805,0
2013-03-01,CRLLCBM027SBOG_diff_lag_1,-2.8261719,0
2013-04-01,CRLLCBM027SBOG_diff_lag_1,1.873291,0
2013-05-01,CRLLCBM027SBOG_diff_lag_1,-11.175781,0
2013-06-01,CRLLCBM027SBOG_diff_lag_1,-4.4400635,0
2013-07-01,CRLLCBM027SBOG_diff_lag_1,-10.616577,0
2013-08-01,CRLLCBM027SBOG_diff_lag_1,-16.876099,0
2013-09-01,CRLLCBM027SBOG_diff_lag_1,-4.9694824,0
2013-10-01,CRLLCBM027SBOG_diff_lag_1,-7.4492188,0
2013-11-01,CRLLCBM027SBOG_diff_lag_1,-4.284668,0
2013-12-01,CRLLCBM027SBOG_diff_lag_1,0.08984375,0
2014-01-01,CRLLCBM027SBOG_diff_lag_1,-4.204468,0
2014-02-01,CRLLCBM027SBOG_diff_lag_1,-0.41638184,0
2014-03-01,CRLLCBM027SBOG_diff_lag_1,-3.6845703,0
2014-04-01,CRLLCBM027SBOG_diff_lag_1,0.51708984,0
2014-05-01,CRLLCBM027SBOG_diff_lag_1,-1.0407715,0
2014-06-01,CRLLCBM027SBOG_diff_lag_1,2.2612305,0
2014-07-01,CRLLCBM027SBOG_diff_lag_1,0.03503418,0
2014-08-01,CRLLCBM027SBOG_diff_lag_1,1.4516602,0
2014-09-01,CRLLCBM027SBOG_diff_lag_1,-1.8604736,0
2014-10-01,CRLLCBM027SBOG_diff_lag_1,-5.412964,0
2014-11-01,CRLLCBM027SBOG_diff_lag_1,-4.2315674,0
2014-12-01,CRLLCBM027SBOG_diff_lag_1,-1.6130371,0
2015-01-01,CRLLCBM027SBOG_diff_lag_1,0.68237305,0
2015-02-01,CRLLCBM027SBOG_diff_lag_1,3.6259766,0
2015-03-01,CRLLCBM027SBOG_diff_lag_1,3.4675293,0
2015-04-01,CRLLCBM027SBOG_diff_lag_1,1.7800293,0
2015-05-01,CRLLCBM027SBOG_diff_lag_1,0.56604004,0
2015-06-01,CRLLCBM027SBOG_diff_lag_1,3.168579,0
2015-07-01,CRLLCBM027SBOG_diff_lag_1,0.24414062,0
2015-08-01,CRLLCBM027SBOG_diff_lag_1,1.447876,0
2015-09-01,CRLLCBM027SBOG_diff_lag_1,-3.7370605,0
2015-10-01,CRLLCBM027SBOG_diff_lag_1,1.3574219,0
2015-11-01,CRLLCBM027SBOG_diff_lag_1,21.152588,0
2015-12-01,CRLLCBM027SBOG_diff_lag_1,3.7646484,0
2016-01-01,CRLLCBM027SBOG_diff_lag_1,1.4178467,0
2016-02-01,CRLLCBM027SBOG_diff_lag_1,7.7005615,0
2016-03-01,CRLLCBM027SBOG_diff_lag_1,6.741211,0
2016-04-01,CRLLCBM027SBOG_diff_lag_1,0.33947754,0
2016-05-01,CRLLCBM027SBOG_diff_lag_1,8.406372,0
2016-06-01,CRLLCBM027SBOG_diff_lag_1,1.7974854,0
2016-07-01,CRLLCBM027SBOG_diff_lag_1,8.627075,0
2016-08-01,CRLLCBM027SBOG_diff_lag_1,4.1533203,0
2016-09-01,CRLLCBM027SBOG_diff_lag_1,5.036743,0
2016-10-01,CRLLCBM027SBOG_diff_lag_1,5.5737305,0
2016-11-01,CRLLCBM027SBOG_diff_lag_1,4.0130615,0
2016-12-01,CRLLCBM027SBOG_diff_lag_1,-1.3105469,0
2017-01-01,CRLLCBM027SBOG_diff_lag_1,0.9082031,0
2017-02-01,CRLLCBM027SBOG_diff_lag_1,-3.371704,0
2017-03-01,CRLLCBM027SBOG_diff_lag_1,-0.87438965,0
2017-04-01,CRLLCBM027SBOG_diff_lag_1,0.09289551,0
2017-05-01,CRLLCBM027SBOG_diff_lag_1,6.182007,0
2017-06-01,CRLLCBM027SBOG_diff_lag_1,4.378784,0
2017-07-01,CRLLCBM027SBOG_diff_lag_1,6.251587,0
2017-08-01,CRLLCBM027SBOG_diff_lag_1,2.480835,0
2017-09-01,CRLLCBM027SBOG_diff_lag_1,3.045166,0
2017-10-01,CRLLCBM027SBOG_diff_lag_1,6.469116,0
2017-11-01,CRLLCBM027SBOG_diff_lag_1,2.7613525,0
2017-12-01,CRLLCBM027SBOG_diff_lag_1,9.937744,0
2018-01-01,CRLLCBM027SBOG_diff_lag_1,-1.3184814,0
2018-02-01,CRLLCBM027SBOG_diff_lag_1,5.00708,0
2018-03-01,CRLLCBM027SBOG_diff_lag_1,3.7487793,0
2018-04-01,CRLLCBM027SBOG_diff_lag_1,2.531128,0
2018-05-01,CRLLCBM027SBOG_diff_lag_1,-13.371216,0
2018-06-01,CRLLCBM027SBOG_diff_lag_1,2.0600586,0
2018-07-01,CRLLCBM027SBOG_diff_lag_1,1.1341553,0
2018-08-01,CRLLCBM027SBOG_diff_lag_1,4.7648926,0
2018-09-01,CRLLCBM027SBOG_diff_lag_1,5.678833,0
2018-10-01,CRLLCBM027SBOG_diff_lag_1,0.7779541,0
2018-11-01,CRLLCBM027SBOG_diff_lag_1,-2.0621338,0
2018-12-01,CRLLCBM027SBOG_diff_lag_1,0.36828613,0
2019-01-01,CRLLCBM027SBOG_diff_lag_1,1.2681885,0
2019-02-01,CRLLCBM027SBOG_diff_lag_1,0.0826416,0
2000-01-01,TREASURY_diff_lag_2,4.7539997,0
2000-02-01,TREASURY_diff_lag_2,-1.197,0
2000-03-01,TREASURY_diff_lag_2,-4.3869996,0
2000-04-01,TREASURY_diff_lag_2,1.9200001,0
2000-05-01,TREASURY_diff_lag_2,2.4559999,0
2000-06-01,TREASURY_diff_lag_2,-1.224,0
2000-07-01,TREASURY_diff_lag_2,-2.5089998,0
2000-08-01,TREASURY_diff_lag_2,-1.1659999,0
2000-09-01,TREASURY_diff_lag_2,1.2620001,0
2000-10-01,TREASURY_diff_lag_2,0.60999966,0
2000-11-01,TREASURY_diff_lag_2,-1.4100003,0
2000-12-01,TREASURY_diff_lag_2,0.12800026,0
2001-01-01,TREASURY_diff_lag_2,1.395,0
2001-02-01,TREASURY_diff_lag_2,-0.88199997,0
2001-03-01,TREASURY_diff_lag_2,-1.2269998,0
2001-04-01,TREASURY_diff_lag_2,0.87300014,0
2001-05-01,TREASURY_diff_lag_2,0.123000145,0
2001-06-01,TREASURY_diff_lag_2,-0.3630004,0
2001-07-01,TREASURY_diff_lag_2,-0.14400005,0
2001-08-01,TREASURY_diff_lag_2,-0.34599972,0
2001-09-01,TREASURY_diff_lag_2,1.0640001,0
2001-10-01,TREASURY_diff_lag_2,0.5359998,0
2001-11-01,TREASURY_diff_lag_2,-1.2510004,0
2001-12-01,TREASURY_diff_lag_2,-0.33999968,0
2002-01-01,TREASURY_diff_lag_2,1.5150003,0
2002-02-01,TREASURY_diff_lag_2,-0.06400013,0
2002-03-01,TREASURY_diff_lag_2,-1.1070004,0
2002-04-01,TREASURY_diff_lag_2,0.64799976,0
2002-05-01,TREASURY_diff_lag_2,-0.065999985,0
2002-06-01,TREASURY_diff_lag_2,0.032999992,0
2002-07-01,TREASURY_diff_lag_2,0.11400032,0
2002-08-01,TREASURY_diff_lag_2,-0.7909999,0
2002-09-01,TREASURY_diff_lag_2,0.058000088,0
2002-10-01,TREASURY_diff_lag_2,0.01600027,0
2002-11-01,TREASURY_diff_lag_2,-0.5430002,0
2002-12-01,TREASURY_diff_lag_2,-0.24399996,0
2003-01-01,TREASURY_diff_lag_2,0.61800003,0
2003-02-01,TREASURY_diff_lag_2,0.23999977,0
2003-03-01,TREASURY_diff_lag_2,-0.42700005,0
2003-04-01,TREASURY_diff_lag_2,2.176,0
2003-05-01,TREASURY_diff_lag_2,1.4239998,0
2003-06-01,TREASURY_diff_lag_2,-0.43100023,0
2003-07-01,TREASURY_diff_lag_2,-0.46299982,0
2003-08-01,TREASURY_diff_lag_2,-1.1199999,0
2003-09-01,TREASURY_diff_lag_2,-0.408,0
2003-10-01,TREASURY_diff_lag_2,-0.44099998,0
2003-11-01,TREASURY_diff_lag_2,-0.6950002,0
2003-12-01,TREASURY_diff_lag_2,0.04099989,0
2004-01-01,TREASURY_diff_lag_2,0.5750003,0
2004-02-01,TREASURY_diff_lag_2,-0.22099972,0
2004-03-01,TREASURY_diff_lag_2,-0.18300009,0
2004-04-01,TREASURY_diff_lag_2,0.96399975,0
2004-05-01,TREASURY_diff_lag_2,0.0009999275,0
2004-06-01,TREASURY_diff_lag_2,-0.46399975,0
2004-07-01,TREASURY_diff_lag_2,-0.5409999,0
2004-08-01,TREASURY_diff_lag_2,-0.84400034,0
2004-09-01,TREASURY_diff_lag_2,0.553,0
2004-10-01,TREASURY_diff_lag_2,0.29699993,0
2004-11-01,TREASURY_diff_lag_2,-0.63100004,0
2004-12-01,TREASURY_diff_lag_2,-0.046000004,0
2005-01-01,TREASURY_diff_lag_2,0.3249998,0
2005-02-01,TREASURY_diff_lag_2,0.03600025,0
2005-03-01,TREASURY_diff_lag_2,-0.3709998,0
2005-04-01,TREASURY_diff_lag_2,0.27600002,0
2005-05-01,TREASURY_diff_lag_2,0.16400003,0
2005-06-01,TREASURY_diff_lag_2,-0.3260002,0
2005-07-01,TREASURY_diff_lag_2,-0.2540002,0
2005-08-01,TREASURY_diff_lag_2,-0.009999752,0
2005-09-01,TREASURY_diff_lag_2,0.61500025,0
2005-10-01,TREASURY_diff_lag_2,-0.1420002,0
2005-11-01,TREASURY_diff_lag_2,-0.421,0
2005-12-01,TREASURY_diff_lag_2,0.30900002,0
2006-01-01,TREASURY_diff_lag_2,-0.02699995,0
2006-02-01,TREASURY_diff_lag_2,0.03000021,0
2006-03-01,TREASURY_diff_lag_2,0.112999916,0
2006-04-01,TREASURY_diff_lag_2,-0.099999905,0
2006-05-01,TREASURY_diff_lag_2,0.18499994,0
2006-06-01,TREASURY_diff_lag_2,-0.042000294,0
2006-07-01,TREASURY_diff_lag_2,-0.09800005,0
2006-08-01,TREASURY_diff_lag_2,-0.19399977,0
2006-09-01,TREASURY_diff_lag_2,-0.1949997,0
2006-10-01,TREASURY_diff_lag_2,0.6240001,0
2006-11-01,TREASURY_diff_lag_2,0.015999794,0
2006-12-01,TREASURY_diff_lag_2,-0.1880002,0
2007-01-01,TREASURY_diff_lag_2,0.0009999275,0
2007-02-01,TREASURY_diff_lag_2,-0.3449998,0
2007-03-01,TREASURY_diff_lag_2,0.10500002,0
2007-04-01,TREASURY_diff_lag_2,0.42599964,0
2007-05-01,TREASURY_diff_lag_2,1.8299999,0
2007-06-01,TREASURY_diff_lag_2,-0.283,0
2007-07-01,TREASURY_diff_lag_2,-2.184,0
2007-08-01,TREASURY_diff_lag_2,-0.16599989,0
2007-09-01,TREASURY_diff_lag_2,0.21799994,0
2007-10-01,TREASURY_diff_lag_2,0.069000244,0
2007-11-01,TREASURY_diff_lag_2,0.19500017,0
2007-12-01,TREASURY_diff_lag_2,0.55899954,0
2008-01-01,TREASURY_diff_lag_2,0.6999998,0
2008-02-01,TREASURY_diff_lag_2,-0.6699996,0
2008-03-01,TREASURY_diff_lag_2,-0.59299994,0
2008-04-01,TREASURY_diff_lag_2,0.37199974,0
2008-05-01,TREASURY_diff_lag_2,-0.40899992,0
2008-06-01,TREASURY_diff_lag_2,-0.31599998,0
2008-07-01,TREASURY_diff_lag_2,0.2920003,0
2008-08-01,TREASURY_diff_lag_2,-0.08899975,0
2008-09-01,TREASURY_diff_lag_2,-0.21500015,0
2008-10-01,TREASURY_diff_lag_2,24.723,0
2008-11-01,TREASURY_diff_lag_2,49.769,0
2008-12-01,TREASURY_diff_lag_2,56.517998,0
2009-01-01,TREASURY_diff_lag_2,-6.140003,0
2009-02-01,TREASURY_diff_lag_2,-49.802,0
2009-03-01,TREASURY_diff_lag_2,14.526001,0
2009-04-01,TREASURY_diff_lag_2,18.822002,0
2009-05-01,TREASURY_diff_lag_2,-3.111,0
2009-06-01,TREASURY_diff_lag_2,1.1289978,0
2009-07-01,TREASURY_diff_lag_2,-6.4749985,0
2009-08-01,TREASURY_diff_lag_2,-12.456001,0
2009-09-01,TREASURY_diff_lag_2,-19.656002,0
2009-10-01,TREASURY_diff_lag_2,4.097,0
2009-11-01,TREASURY_diff_lag_2,19.134003,0
2009-12-01,TREASURY_diff_lag_2,24.186005,0
2010-01-01,TREASURY_diff_lag_2,95.496994,0
2010-02-01,TREASURY_diff_lag_2,-4.8650055,0
2010-03-01,TREASURY_diff_lag_2,-102.278,0
2010-04-01,TREASURY_diff_lag_2,-33.683,0
2010-05-01,TREASURY_diff_lag_2,-6.5880013,0
2010-06-01,TREASURY_diff_lag_2,2.7170029,0
2010-07-01,TREASURY_diff_lag_2,-5.2629967,0
2010-08-01,TREASURY_diff_lag_2,-8.555002,0
2010-09-01,TREASURY_diff_lag_2,6.404999,0
2010-10-01,TREASURY_diff_lag_2,14.525,0
2010-11-01,TREASURY_diff_lag_2,-13.934,0
2010-12-01,TREASURY_diff_lag_2,10.931999,0
2011-01-01,TREASURY_diff_lag_2,62.029,0
2011-02-01,TREASURY_diff_lag_2,13.257,0
2011-03-01,TREASURY_diff_lag_2,-34.633003,0
2011-04-01,TREASURY_diff_lag_2,-1.9679947,0
2011-05-01,TREASURY_diff_lag_2,43.426003,0
2011-06-01,TREASURY_diff_lag_2,10.876999,0
2011-07-01,TREASURY_diff_lag_2,-23.923004,0
2011-08-01,TREASURY_diff_lag_2,-46.965004,0
2011-09-01,TREASURY_diff_lag_2,-35.010998,0
2011-10-01,TREASURY_diff_lag_2,15.011,0
2011-11-01,TREASURY_diff_lag_2,3.8930016,0
2011-12-01,TREASURY_diff_lag_2,21.873001,0
2012-01-01,TREASURY_diff_lag_2,46.115997,0
2012-02-01,TREASURY_diff_lag_2,6.560997,0
2012-03-01,TREASURY_diff_lag_2,-22.328995,0
2012-04-01,TREASURY_diff_lag_2,-13.738998,0
2012-05-01,TREASURY_diff_lag_2,32.020996,0
2012-06-01,TREASURY_diff_lag_2,28.608002,0
2012-07-01,TREASURY_diff_lag_2,-24.402,0
2012-08-01,TREASURY_diff_lag_2,-55.565002,0
2012-09-01,TREASURY_diff_lag_2,-20.190998,0
2012-10-01,TREASURY_diff_lag_2,33.781,0
2012-11-01,TREASURY_diff_lag_2,-24.005001,0
2012-12-01,TREASURY_diff_lag_2,-18.969997,0
2013-01-01,TREASURY_diff_lag_2,35.961,0
2013-02-01,TREASURY_diff_lag_2,-4.112999,0
2013-03-01,TREASURY_diff_lag_2,-10.917999,0
2013-04-01,TREASURY_diff_lag_2,44.776997,0
2013-05-01,TREASURY_diff_lag_2,32.778,0
2013-06-01,TREASURY_diff_lag_2,-24.138996,0
2013-07-01,TREASURY_diff_lag_2,-8.360001,0
2013-08-01,TREASURY_diff_lag_2,-9.047001,0
2013-09-01,TREASURY_diff_lag_2,-38.193996,0
2013-10-01,TREASURY_diff_lag_2,-17.762001,0
2013-11-01,TREASURY_diff_lag_2,4.7789993,0
2013-12-01,TREASURY_diff_lag_2,23.560001,0
2014-01-01,TREASURY_diff_lag_2,48.507,0
2014-02-01,TREASURY_diff_lag_2,-8.063,0
2014-03-01,TREASURY_diff_lag_2,-21.323997,0
2014-04-01,TREASURY_diff_lag_2,32.82,0
2014-05-01,TREASURY_diff_lag_2,-14.489002,0
2014-06-01,TREASURY_diff_lag_2,-15.780998,0
2014-07-01,TREASURY_diff_lag_2,11.463001,0
2014-08-01,TREASURY_diff_lag_2,-9.984001,0
2014-09-01,TREASURY_diff_lag_2,-4.156006,0
2014-10-01,TREASURY_diff_lag_2,49.335,0
2014-11-01,TREASURY_diff_lag_2,32.611,0
2014-12-01,TREASURY_diff_lag_2,18.404999,0
2015-01-01,TREASURY_diff_lag_2,78.198,0
2015-02-01,TREASURY_diff_lag_2,2.3919983,0
2015-03-01,TREASURY_diff_lag_2,-117.649994,0
2015-04-01,TREASURY_diff_lag_2,-18.112,0
2015-05-01,TREASURY_diff_lag_2,141.277,0
2015-06-01,TREASURY_diff_lag_2,92.68201,0
2015-07-01,TREASURY_diff_lag_2,-4.621994,0
2015-08-01,TREASURY_diff_lag_2,-26.279999,0
2015-09-01,TREASURY_diff_lag_2,-71.165,0
2015-10-01,TREASURY_diff_lag_2,-112.241005,0
2015-11-01,TREASURY_diff_lag_2,-16.088997,0
2015-12-01,TREASURY_diff_lag_2,166.42899,0
2016-01-01,TREASURY_diff_lag_2,207.521,0
2016-02-01,TREASURY_diff_lag_2,62.457993,0
2016-03-01,TREASURY_diff_lag_2,-62.699005,0
2016-04-01,TREASURY_diff_lag_2,-13.490997,0
2016-05-01,TREASURY_diff_lag_2,50.740997,0
2016-06-01,TREASURY_diff_lag_2,-1.8299866,0
2016-07-01,TREASURY_diff_lag_2,14.582001,0
2016-08-01,TREASURY_diff_lag_2,-8.291992,0
2016-09-01,TREASURY_diff_lag_2,-25.656982,0
2016-10-01,TREASURY_diff_lag_2,111.63498,0
2016-11-01,TREASURY_diff_lag_2,107.859985,0
2016-12-01,TREASURY_diff_lag_2,-21.975983,0
2017-01-01,TREASURY_diff_lag_2,-21.352997,0
2017-02-01,TREASURY_diff_lag_2,-47.067017,0
2017-03-01,TREASURY_diff_lag_2,-291.69098,0
2017-04-01,TREASURY_diff_lag_2,-159.64899,0
2017-05-01,TREASURY_diff_lag_2,105.91699,0
2017-06-01,TREASURY_diff_lag_2,29.134003,0
2017-07-01,TREASURY_diff_lag_2,-13.617996,0
2017-08-01,TREASURY_diff_lag_2,-60.822006,0
2017-09-01,TREASURY_diff_lag_2,-79.904,0
2017-10-01,TREASURY_diff_lag_2,55.516006,0
2017-11-01,TREASURY_diff_lag_2,76.307,0
2017-12-01,TREASURY_diff_lag_2,-38.95401,0
2018-01-01,TREASURY_diff_lag_2,60.598007,0
2018-02-01,TREASURY_diff_lag_2,67.306,0
2018-03-01,TREASURY_diff_lag_2,33.115997,0
2018-04-01,TREASURY_diff_lag_2,103.483,0
2018-05-01,TREASURY_diff_lag_2,78.478,0
2018-06-01,TREASURY_diff_lag_2,17.28299,0
2018-07-01,TREASURY_diff_lag_2,-14.595001,0
2018-08-01,TREASURY_diff_lag_2,16.85202,0
2018-09-01,TREASURY_diff_lag_2,-0.6289978,0
2018-10-01,TREASURY_diff_lag_2,11.372986,0
2018-11-01,TREASURY_diff_lag_2,-0.3630066,0
2018-12-01,TREASURY_diff_lag_2,-4.3869934,0
2019-01-01,TREASURY_diff_lag_2,43.166992,0
2019-02-01,TREASURY_diff_lag_2,-10.343994,0
2000-01-01,ANDENO_perc_diff_lag_1,-0.8212019,0
2000-02-01,ANDENO_perc_diff_lag_1,-10.19513,0
2000-03-01,ANDENO_perc_diff_lag_1,8.162607,0
2000-04-01,ANDENO_perc_diff_lag_1,3.0863001,0
2000-05-01,ANDENO_perc_diff_lag_1,-2.6614046,0
2000-06-01,ANDENO_perc_diff_lag_1,13.0871935,0
2000-07-01,ANDENO_perc_diff_lag_1,-10.839845,0
2000-08-01,ANDENO_perc_diff_lag_1,2.6483629,0
2000-09-01,ANDENO_perc_diff_lag_1,7.66692,0
2000-10-01,ANDENO_perc_diff_lag_1,-12.402708,0
2000-11-01,ANDENO_perc_diff_lag_1,4.932599,0
2000-12-01,ANDENO_perc_diff_lag_1,4.6775317,0
2001-01-01,ANDENO_perc_diff_lag_1,-12.387456,0
2001-02-01,ANDENO_perc_diff_lag_1,2.366761,0
2001-03-01,ANDENO_perc_diff_lag_1,-0.8185581,0
2001-04-01,ANDENO_perc_diff_lag_1,-8.008658,0
2001-05-01,ANDENO_perc_diff_lag_1,1.3271265,0
2001-06-01,ANDENO_perc_diff_lag_1,-0.2238594,0
2001-07-01,ANDENO_perc_diff_lag_1,-6.95856,0
2001-08-01,ANDENO_perc_diff_lag_1,2.6147673,0
2001-09-01,ANDENO_perc_diff_lag_1,-7.781207,0
2001-10-01,ANDENO_perc_diff_lag_1,-4.5716457,0
2001-11-01,ANDENO_perc_diff_lag_1,4.730874,0
2001-12-01,ANDENO_perc_diff_lag_1,0.38245648,0
2002-01-01,ANDENO_perc_diff_lag_1,-6.897794,0
2002-02-01,ANDENO_perc_diff_lag_1,9.664679,0
2002-03-01,ANDENO_perc_diff_lag_1,-5.1927075,0
2002-04-01,ANDENO_perc_diff_lag_1,1.3609571,0
2002-05-01,ANDENO_perc_diff_lag_1,3.943047,0
2002-06-01,ANDENO_perc_diff_lag_1,-7.4642677,0
2002-07-01,ANDENO_perc_diff_lag_1,5.5737443,0
2002-08-01,ANDENO_perc_diff_lag_1,8.235988,0
2002-09-01,ANDENO_perc_diff_lag_1,-11.720659,0
2002-10-01,ANDENO_perc_diff_lag_1,3.5939708,0
2002-11-01,ANDENO_perc_diff_lag_1,-0.24409933,0
2002-12-01,ANDENO_perc_diff_lag_1,-1.4681798,0
2003-01-01,ANDENO_perc_diff_lag_1,0.87213284,0
2003-02-01,ANDENO_perc_diff_lag_1,0.07366482,0
2003-03-01,ANDENO_perc_diff_lag_1,4.029212,0
2003-04-01,ANDENO_perc_diff_lag_1,-4.2399864,0
2003-05-01,ANDENO_perc_diff_lag_1,2.9168124,0
2003-06-01,ANDENO_perc_diff_lag_1,-0.11903413,0
2003-07-01,ANDENO_perc_diff_lag_1,-1.6987307,0
2003-08-01,ANDENO_perc_diff_lag_1,0.48494178,0
2003-09-01,ANDENO_perc_diff_lag_1,5.3450027,0
2003-10-01,ANDENO_perc_diff_lag_1,-1.8070099,0
2003-11-01,ANDENO_perc_diff_lag_1,-0.6776021,0
2003-12-01,ANDENO_perc_diff_lag_1,2.8500597,0
2004-01-01,ANDENO_perc_diff_lag_1,-3.9690452,0
2004-02-01,ANDENO_perc_diff_lag_1,2.4798536,0
2004-03-01,ANDENO_perc_diff_lag_1,7.730981,0
2004-04-01,ANDENO_perc_diff_lag_1,-7.605258,0
2004-05-01,ANDENO_perc_diff_lag_1,3.520814,0
2004-06-01,ANDENO_perc_diff_lag_1,0.68629026,0
2004-07-01,ANDENO_perc_diff_lag_1,8.791736,0
2004-08-01,ANDENO_perc_diff_lag_1,-9.995105,0
2004-09-01,ANDENO_perc_diff_lag_1,7.9762163,0
2004-10-01,ANDENO_perc_diff_lag_1,-5.08025,0
2004-11-01,ANDENO_perc_diff_lag_1,7.4728503,0
2004-12-01,ANDENO_perc_diff_lag_1,-1.4482497,0
2005-01-01,ANDENO_perc_diff_lag_1,3.6287427,0
2005-02-01,ANDENO_perc_diff_lag_1,0.59301275,0
2005-03-01,ANDENO_perc_diff_lag_1,-5.4690504,0
2005-04-01,ANDENO_perc_diff_lag_1,3.407897,0
2005-05-01,ANDENO_perc_diff_lag_1,19.85546,0
2005-06-01,ANDENO_perc_diff_lag_1,-4.424573,0
2005-07-01,ANDENO_perc_diff_lag_1,-8.3747015,0
2005-08-01,ANDENO_perc_diff_lag_1,8.070636,0
2005-09-01,ANDENO_perc_diff_lag_1,-8.363673,0
2005-10-01,ANDENO_perc_diff_lag_1,6.1992526,0
2005-11-01,ANDENO_perc_diff_lag_1,19.842932,0
2005-12-01,ANDENO_perc_diff_lag_1,-2.850418,0
2006-01-01,ANDENO_perc_diff_lag_1,-11.375344,0
2006-02-01,ANDENO_perc_diff_lag_1,1.8991987,0
2006-03-01,ANDENO_perc_diff_lag_1,9.99534,0
2006-04-01,ANDENO_perc_diff_lag_1,-8.704526,0
2006-05-01,ANDENO_perc_diff_lag_1,0.929402,0
2006-06-01,ANDENO_perc_diff_lag_1,-0.7884985,0
2006-07-01,ANDENO_perc_diff_lag_1,-3.5525725,0
2006-08-01,ANDENO_perc_diff_lag_1,-0.52121246,0
2006-09-01,ANDENO_perc_diff_lag_1,29.361317,0
2006-10-01,ANDENO_perc_diff_lag_1,-13.993665,0
2006-11-01,ANDENO_perc_diff_lag_1,-2.074427,0
2006-12-01,ANDENO_perc_diff_lag_1,6.458546,0
2007-01-01,ANDENO_perc_diff_lag_1,-7.893807,0
2007-02-01,ANDENO_perc_diff_lag_1,4.518056,0
2007-03-01,ANDENO_perc_diff_lag_1,10.796392,0
2007-04-01,ANDENO_perc_diff_lag_1,-3.1089187,0
2007-05-01,ANDENO_perc_diff_lag_1,-6.541885,0
2007-06-01,ANDENO_perc_diff_lag_1,6.3060946,0
2007-07-01,ANDENO_perc_diff_lag_1,1.0433564,0
2007-08-01,ANDENO_perc_diff_lag_1,-7.1672688,0
2007-09-01,ANDENO_perc_diff_lag_1,4.901216,0
2007-10-01,ANDENO_perc_diff_lag_1,-4.3812213,0
2007-11-01,ANDENO_perc_diff_lag_1,5.7992973,0
2007-12-01,ANDENO_perc_diff_lag_1,5.2036395,0
2008-01-01,ANDENO_perc_diff_lag_1,1.2908374,0
2008-02-01,ANDENO_perc_diff_lag_1,-5.554011,0
2008-03-01,ANDENO_perc_diff_lag_1,-0.8868772,0
2008-04-01,ANDENO_perc_diff_lag_1,-2.509932,0
2008-05-01,ANDENO_perc_diff_lag_1,1.3723325,0
2008-06-01,ANDENO_perc_diff_lag_1,-5.85959,0
2008-07-01,ANDENO_perc_diff_lag_1,-1.6867758,0
2008-08-01,ANDENO_perc_diff_lag_1,-0.93769026,0
2008-09-01,ANDENO_perc_diff_lag_1,-4.082664,0
2008-10-01,ANDENO_perc_diff_lag_1,-8.868889,0
2008-11-01,ANDENO_perc_diff_lag_1,-4.0706306,0
2008-12-01,ANDENO_perc_diff_lag_1,-11.062062,0
2009-01-01,ANDENO_perc_diff_lag_1,-4.5788383,0
2009-02-01,ANDENO_perc_diff_lag_1,-10.909998,0
2009-03-01,ANDENO_perc_diff_lag_1,-1.4930518,0
2009-04-01,ANDENO_perc_diff_lag_1,-5.2644243,0
2009-05-01,ANDENO_perc_diff_lag_1,13.394897,0
2009-06-01,ANDENO_perc_diff_lag_1,-0.7471955,0
2009-07-01,ANDENO_perc_diff_lag_1,7.2553844,0
2009-08-01,ANDENO_perc_diff_lag_1,-3.8556428,0
2009-09-01,ANDENO_perc_diff_lag_1,1.24724,0
2009-10-01,ANDENO_perc_diff_lag_1,3.3950253,0
2009-11-01,ANDENO_perc_diff_lag_1,-3.1866379,0
2009-12-01,ANDENO_perc_diff_lag_1,-6.639973,0
2010-01-01,ANDENO_perc_diff_lag_1,23.947779,0
2010-02-01,ANDENO_perc_diff_lag_1,2.8631036,0
2010-03-01,ANDENO_perc_diff_lag_1,-5.0952263,0
2010-04-01,ANDENO_perc_diff_lag_1,6.5919557,0
2010-05-01,ANDENO_perc_diff_lag_1,-0.25428286,0
2010-06-01,ANDENO_perc_diff_lag_1,4.446587,0
2010-07-01,ANDENO_perc_diff_lag_1,-3.0744438,0
2010-08-01,ANDENO_perc_diff_lag_1,1.5964745,0
2010-09-01,ANDENO_perc_diff_lag_1,10.602498,0
2010-10-01,ANDENO_perc_diff_lag_1,-2.4708738,0
2010-11-01,ANDENO_perc_diff_lag_1,-6.478031,0
2010-12-01,ANDENO_perc_diff_lag_1,-6.42748,0
2011-01-01,ANDENO_perc_diff_lag_1,11.327678,0
2011-02-01,ANDENO_perc_diff_lag_1,-3.1764991,0
2011-03-01,ANDENO_perc_diff_lag_1,11.494199,0
2011-04-01,ANDENO_perc_diff_lag_1,-5.908798,0
2011-05-01,ANDENO_perc_diff_lag_1,4.4475536,0
2011-06-01,ANDENO_perc_diff_lag_1,-4.077183,0
2011-07-01,ANDENO_perc_diff_lag_1,6.593374,0
2011-08-01,ANDENO_perc_diff_lag_1,7.5263424,0
2011-09-01,ANDENO_perc_diff_lag_1,-6.4888268,0
2011-10-01,ANDENO_perc_diff_lag_1,-0.05406005,0
2011-11-01,ANDENO_perc_diff_lag_1,7.2105184,0
2011-12-01,ANDENO_perc_diff_lag_1,10.381361,0
2012-01-01,ANDENO_perc_diff_lag_1,0.07734949,0
2012-02-01,ANDENO_perc_diff_lag_1,-1.7261368,0
2012-03-01,ANDENO_perc_diff_lag_1,-7.5656285,0
2012-04-01,ANDENO_perc_diff_lag_1,-1.3317004,0
2012-05-01,ANDENO_perc_diff_lag_1,-1.0361001,0
2012-06-01,ANDENO_perc_diff_lag_1,-0.8198669,0
2012-07-01,ANDENO_perc_diff_lag_1,10.830238,0
2012-08-01,ANDENO_perc_diff_lag_1,-22.785524,0
2012-09-01,ANDENO_perc_diff_lag_1,18.85733,0
2012-10-01,ANDENO_perc_diff_lag_1,3.3620813,0
2012-11-01,ANDENO_perc_diff_lag_1,-6.3547735,0
2012-12-01,ANDENO_perc_diff_lag_1,6.9969306,0
2013-01-01,ANDENO_perc_diff_lag_1,-2.6637688,0
2013-02-01,ANDENO_perc_diff_lag_1,9.379706,0
2013-03-01,ANDENO_perc_diff_lag_1,-13.276679,0
2013-04-01,ANDENO_perc_diff_lag_1,5.4675846,0
2013-05-01,ANDENO_perc_diff_lag_1,10.1891985,0
2013-06-01,ANDENO_perc_diff_lag_1,8.071696,0
2013-07-01,ANDENO_perc_diff_lag_1,-17.875513,0
2013-08-01,ANDENO_perc_diff_lag_1,-1.8695929,0
2013-09-01,ANDENO_perc_diff_lag_1,11.312284,0
2013-10-01,ANDENO_perc_diff_lag_1,-7.8023834,0
2013-11-01,ANDENO_perc_diff_lag_1,15.138739,0
2013-12-01,ANDENO_perc_diff_lag_1,-1.5711539,0
2014-01-01,ANDENO_perc_diff_lag_1,-10.021508,0
2014-02-01,ANDENO_perc_diff_lag_1,-2.1099553,0
2014-03-01,ANDENO_perc_diff_lag_1,3.1018188,0
2014-04-01,ANDENO_perc_diff_lag_1,-1.3365424,0
2014-05-01,ANDENO_perc_diff_lag_1,-0.2672964,0
2014-06-01,ANDENO_perc_diff_lag_1,2.955947,0
2014-07-01,ANDENO_perc_diff_lag_1,66.13213,0
2014-08-01,ANDENO_perc_diff_lag_1,-37.91522,0
2014-09-01,ANDENO_perc_diff_lag_1,-1.7728281,0
2014-10-01,ANDENO_perc_diff_lag_1,-10.0668545,0
2014-11-01,ANDENO_perc_diff_lag_1,3.9554527,0
2014-12-01,ANDENO_perc_diff_lag_1,-5.1804414,0
2015-01-01,ANDENO_perc_diff_lag_1,5.9925146,0
2015-02-01,ANDENO_perc_diff_lag_1,-3.6425908,0
2015-03-01,ANDENO_perc_diff_lag_1,2.1808312,0
2015-04-01,ANDENO_perc_diff_lag_1,0.9936632,0
2015-05-01,ANDENO_perc_diff_lag_1,-9.47041,0
2015-06-01,ANDENO_perc_diff_lag_1,9.90813,0
2015-07-01,ANDENO_perc_diff_lag_1,-0.43873772,0
2015-08-01,ANDENO_perc_diff_lag_1,-0.026952362,0
2015-09-01,ANDENO_perc_diff_lag_1,-9.450698,0
2015-10-01,ANDENO_perc_diff_lag_1,9.688272,0
2015-11-01,ANDENO_perc_diff_lag_1,-5.7463155,0
2015-12-01,ANDENO_perc_diff_lag_1,-10.4394655,0
2016-01-01,ANDENO_perc_diff_lag_1,17.804432,0
2016-02-01,ANDENO_perc_diff_lag_1,-10.491047,0
2016-03-01,ANDENO_perc_diff_lag_1,-6.0227184,0
2016-04-01,ANDENO_perc_diff_lag_1,18.564127,0
2016-05-01,ANDENO_perc_diff_lag_1,-2.8216813,0
2016-06-01,ANDENO_perc_diff_lag_1,-15.451665,0
2016-07-01,ANDENO_perc_diff_lag_1,13.260717,0
2016-08-01,ANDENO_perc_diff_lag_1,-1.9792954,0
2016-09-01,ANDENO_perc_diff_lag_1,-0.59257704,0
2016-10-01,ANDENO_perc_diff_lag_1,17.249445,0
2016-11-01,ANDENO_perc_diff_lag_1,-20.895061,0
2016-12-01,ANDENO_perc_diff_lag_1,6.962365,0
2017-01-01,ANDENO_perc_diff_lag_1,4.910402,0
2017-02-01,ANDENO_perc_diff_lag_1,2.582432,0
2017-03-01,ANDENO_perc_diff_lag_1,0.8565734,0
2017-04-01,ANDENO_perc_diff_lag_1,1.4813672,0
2017-05-01,ANDENO_perc_diff_lag_1,-3.5671868,0
2017-06-01,ANDENO_perc_diff_lag_1,21.93564,0
2017-07-01,ANDENO_perc_diff_lag_1,-18.648407,0
2017-08-01,ANDENO_perc_diff_lag_1,3.50244,0
2017-09-01,ANDENO_perc_diff_lag_1,9.632874,0
2017-10-01,ANDENO_perc_diff_lag_1,-6.455635,0
2017-11-01,ANDENO_perc_diff_lag_1,2.0143082,0
2017-12-01,ANDENO_perc_diff_lag_1,3.4237719,0
2018-01-01,ANDENO_perc_diff_lag_1,-3.4960618,0
2018-02-01,ANDENO_perc_diff_lag_1,3.4918048,0
2018-03-01,ANDENO_perc_diff_lag_1,8.686673,0
2018-04-01,ANDENO_perc_diff_lag_1,-6.6753755,0
2018-05-01,ANDENO_perc_diff_lag_1,-2.2752724,0
2018-06-01,ANDENO_perc_diff_lag_1,2.1837075,0
2018-07-01,ANDENO_perc_diff_lag_1,-3.7375913,0
2018-08-01,ANDENO_perc_diff_lag_1,7.3537197,0
2018-09-01,ANDENO_perc_diff_lag_1,-3.1839201,0
2018-10-01,ANDENO_perc_diff_lag_1,-4.6654696,0
2018-11-01,ANDENO_perc_diff_lag_1,0.20307282,0
2018-12-01,ANDENO_perc_diff_lag_1,4.525213,0
2019-01-01,ANDENO_perc_diff_lag_1,1.4605337,0
2019-02-01,ANDENO_perc_diff_lag_1,-5.0477114,0
2000-01-01,PMSAVE_diff_lag_1,75.5,0
2000-02-01,PMSAVE_diff_lag_1,-36.19998,0
2000-03-01,PMSAVE_diff_lag_1,-19.0,0
2000-04-01,PMSAVE_diff_lag_1,37.600006,0
2000-05-01,PMSAVE_diff_lag_1,-6.0,0
2000-06-01,PMSAVE_diff_lag_1,1.5999756,0
2000-07-01,PMSAVE_diff_lag_1,26.400024,0
2000-08-01,PMSAVE_diff_lag_1,0.19998169,0
2000-09-01,PMSAVE_diff_lag_1,-54.0,0
2000-10-01,PMSAVE_diff_lag_1,12.5,0
2000-11-01,PMSAVE_diff_lag_1,-8.299988,0
2000-12-01,PMSAVE_diff_lag_1,-19.899994,0
2001-01-01,PMSAVE_diff_lag_1,48.0,0
2001-02-01,PMSAVE_diff_lag_1,5.799988,0
2001-03-01,PMSAVE_diff_lag_1,31.600006,0
2001-04-01,PMSAVE_diff_lag_1,-21.0,0
2001-05-01,PMSAVE_diff_lag_1,-43.100006,0
2001-06-01,PMSAVE_diff_lag_1,0.8999939,0
2001-07-01,PMSAVE_diff_lag_1,97.30002,0
2001-08-01,PMSAVE_diff_lag_1,98.099976,0
2001-09-01,PMSAVE_diff_lag_1,13.299988,0
2001-10-01,PMSAVE_diff_lag_1,-285.89996,0
2001-11-01,PMSAVE_diff_lag_1,55.399994,0
2001-12-01,PMSAVE_diff_lag_1,30.100006,0
2002-01-01,PMSAVE_diff_lag_1,136.19998,0
2002-02-01,PMSAVE_diff_lag_1,-22.100006,0
2002-03-01,PMSAVE_diff_lag_1,5.5,0
2002-04-01,PMSAVE_diff_lag_1,-3.5999756,0
2002-05-01,PMSAVE_diff_lag_1,57.899963,0
2002-06-01,PMSAVE_diff_lag_1,-5.8999634,0
2002-07-01,PMSAVE_diff_lag_1,-71.20001,0
2002-08-01,PMSAVE_diff_lag_1,-10.0,0
2002-09-01,PMSAVE_diff_lag_1,29.0,0
2002-10-01,PMSAVE_diff_lag_1,-2.7000122,0
2002-11-01,PMSAVE_diff_lag_1,4.3000183,0
2002-12-01,PMSAVE_diff_lag_1,-17.100006,0
2003-01-01,PMSAVE_diff_lag_1,3.100006,0
2003-02-01,PMSAVE_diff_lag_1,6.5,0
2003-03-01,PMSAVE_diff_lag_1,-23.200012,0
2003-04-01,PMSAVE_diff_lag_1,5.200012,0
2003-05-01,PMSAVE_diff_lag_1,44.600006,0
2003-06-01,PMSAVE_diff_lag_1,-18.700012,0
2003-07-01,PMSAVE_diff_lag_1,67.0,0
2003-08-01,PMSAVE_diff_lag_1,-14.0,0
2003-09-01,PMSAVE_diff_lag_1,-80.79999,0
2003-10-01,PMSAVE_diff_lag_1,16.699982,0
2003-11-01,PMSAVE_diff_lag_1,9.800018,0
2003-12-01,PMSAVE_diff_lag_1,-0.1000061,0
2004-01-01,PMSAVE_diff_lag_1,-32.30002,0
2004-02-01,PMSAVE_diff_lag_1,3.3000183,0
2004-03-01,PMSAVE_diff_lag_1,-4.5,0
2004-04-01,PMSAVE_diff_lag_1,36.69998,0
2004-05-01,PMSAVE_diff_lag_1,0.1000061,0
2004-06-01,PMSAVE_diff_lag_1,47.19998,0
2004-07-01,PMSAVE_diff_lag_1,-45.899963,0
2004-08-01,PMSAVE_diff_lag_1,-5.200012,0
2004-09-01,PMSAVE_diff_lag_1,-48.100006,0
2004-10-01,PMSAVE_diff_lag_1,-10.199982,0
2004-11-01,PMSAVE_diff_lag_1,-38.400024,0
2004-12-01,PMSAVE_diff_lag_1,278.10004,0
2005-01-01,PMSAVE_diff_lag_1,-307.30002,0
2005-02-01,PMSAVE_diff_lag_1,-32.5,0
2005-03-01,PMSAVE_diff_lag_1,17.699982,0
2005-04-01,PMSAVE_diff_lag_1,-43.599976,0
2005-05-01,PMSAVE_diff_lag_1,44.899994,0
2005-06-01,PMSAVE_diff_lag_1,-59.399994,0
2005-07-01,PMSAVE_diff_lag_1,-63.80002,0
2005-08-01,PMSAVE_diff_lag_1,45.100006,0
2005-09-01,PMSAVE_diff_lag_1,2.800003,0
2005-10-01,PMSAVE_diff_lag_1,41.09999,0
2005-11-01,PMSAVE_diff_lag_1,45.200012,0
2005-12-01,PMSAVE_diff_lag_1,17.0,0
2006-01-01,PMSAVE_diff_lag_1,56.69998,0
2006-02-01,PMSAVE_diff_lag_1,5.700012,0
2006-03-01,PMSAVE_diff_lag_1,1.1000061,0
2006-04-01,PMSAVE_diff_lag_1,-23.899994,0
2006-05-01,PMSAVE_diff_lag_1,-19.800018,0
2006-06-01,PMSAVE_diff_lag_1,22.300018,0
2006-07-01,PMSAVE_diff_lag_1,-61.400024,0
2006-08-01,PMSAVE_diff_lag_1,23.600006,0
2006-09-01,PMSAVE_diff_lag_1,-1.7999878,0
2006-10-01,PMSAVE_diff_lag_1,6.600006,0
2006-11-01,PMSAVE_diff_lag_1,33.19998,0
2006-12-01,PMSAVE_diff_lag_1,-17.100006,0
2007-01-01,PMSAVE_diff_lag_1,-5.1999817,0
2007-02-01,PMSAVE_diff_lag_1,43.69998,0
2007-03-01,PMSAVE_diff_lag_1,38.400024,0
2007-04-01,PMSAVE_diff_lag_1,-22.0,0
2007-05-01,PMSAVE_diff_lag_1,-22.300018,0
2007-06-01,PMSAVE_diff_lag_1,-16.899994,0
2007-07-01,PMSAVE_diff_lag_1,-12.600006,0
2007-08-01,PMSAVE_diff_lag_1,-28.100006,0
2007-09-01,PMSAVE_diff_lag_1,18.800018,0
2007-10-01,PMSAVE_diff_lag_1,-15.600006,0
2007-11-01,PMSAVE_diff_lag_1,-27.399994,0
2007-12-01,PMSAVE_diff_lag_1,53.100006,0
2008-01-01,PMSAVE_diff_lag_1,12.399994,0
2008-02-01,PMSAVE_diff_lag_1,42.0,0
2008-03-01,PMSAVE_diff_lag_1,-11.0,0
2008-04-01,PMSAVE_diff_lag_1,-57.600006,0
2008-05-01,PMSAVE_diff_lag_1,511.5,0
2008-06-01,PMSAVE_diff_lag_1,-275.59998,0
2008-07-01,PMSAVE_diff_lag_1,-124.900024,0
2008-08-01,PMSAVE_diff_lag_1,-62.200012,0
2008-09-01,PMSAVE_diff_lag_1,93.0,0
2008-10-01,PMSAVE_diff_lag_1,88.29999,0
2008-11-01,PMSAVE_diff_lag_1,102.900024,0
2008-12-01,PMSAVE_diff_lag_1,-16.599976,0
2009-01-01,PMSAVE_diff_lag_1,-17.400024,0
2009-02-01,PMSAVE_diff_lag_1,-74.599976,0
2009-03-01,PMSAVE_diff_lag_1,33.899963,0
2009-04-01,PMSAVE_diff_lag_1,108.20001,0
2009-05-01,PMSAVE_diff_lag_1,170.70001,0
2009-06-01,PMSAVE_diff_lag_1,-174.0,0
2009-07-01,PMSAVE_diff_lag_1,-83.79999,0
2009-08-01,PMSAVE_diff_lag_1,-117.400024,0
2009-09-01,PMSAVE_diff_lag_1,111.599976,0
2009-10-01,PMSAVE_diff_lag_1,-53.69995,0
2009-11-01,PMSAVE_diff_lag_1,52.0,0
2009-12-01,PMSAVE_diff_lag_1,12.699951,0
2010-01-01,PMSAVE_diff_lag_1,18.100037,0
2010-02-01,PMSAVE_diff_lag_1,-32.600037,0
2010-03-01,PMSAVE_diff_lag_1,-7.3999634,0
2010-04-01,PMSAVE_diff_lag_1,79.89996,0
2010-05-01,PMSAVE_diff_lag_1,75.20001,0
2010-06-01,PMSAVE_diff_lag_1,-8.399963,0
2010-07-01,PMSAVE_diff_lag_1,-5.300049,0
2010-08-01,PMSAVE_diff_lag_1,7.1000366,0
2010-09-01,PMSAVE_diff_lag_1,-18.400024,0
2010-10-01,PMSAVE_diff_lag_1,-7.700012,0
2010-11-01,PMSAVE_diff_lag_1,-3.0999756,0
2010-12-01,PMSAVE_diff_lag_1,69.900024,0
2011-01-01,PMSAVE_diff_lag_1,46.19995,0
2011-02-01,PMSAVE_diff_lag_1,29.100037,0
2011-03-01,PMSAVE_diff_lag_1,-70.0,0
2011-04-01,PMSAVE_diff_lag_1,-12.200012,0
2011-05-01,PMSAVE_diff_lag_1,0.5999756,0
2011-06-01,PMSAVE_diff_lag_1,32.200012,0
2011-07-01,PMSAVE_diff_lag_1,15.799988,0
2011-08-01,PMSAVE_diff_lag_1,-9.599976,0
2011-09-01,PMSAVE_diff_lag_1,-46.099976,0
2011-10-01,PMSAVE_diff_lag_1,5.3999634,0
2011-11-01,PMSAVE_diff_lag_1,18.100037,0
2011-12-01,PMSAVE_diff_lag_1,107.599976,0
2012-01-01,PMSAVE_diff_lag_1,43.200012,0
2012-02-01,PMSAVE_diff_lag_1,7.799988,0
2012-03-01,PMSAVE_diff_lag_1,60.0,0
2012-04-01,PMSAVE_diff_lag_1,37.400024,0
2012-05-01,PMSAVE_diff_lag_1,10.0,0
2012-06-01,PMSAVE_diff_lag_1,31.799927,0
2012-07-01,PMSAVE_diff_lag_1,-111.29993,0
2012-08-01,PMSAVE_diff_lag_1,-35.900024,0
2012-09-01,PMSAVE_diff_lag_1,37.700012,0
2012-10-01,PMSAVE_diff_lag_1,88.20001,0
2012-11-01,PMSAVE_diff_lag_1,134.90002,0
2012-12-01,PMSAVE_diff_lag_1,324.0,0
2013-01-01,PMSAVE_diff_lag_1,-792.10004,0
2013-02-01,PMSAVE_diff_lag_1,-55.200012,0
2013-03-01,PMSAVE_diff_lag_1,11.599976,0
2013-04-01,PMSAVE_diff_lag_1,59.700012,0
2013-05-01,PMSAVE_diff_lag_1,42.600037,0
2013-06-01,PMSAVE_diff_lag_1,20.899963,0
2013-07-01,PMSAVE_diff_lag_1,-27.0,0
2013-08-01,PMSAVE_diff_lag_1,11.200012,0
2013-09-01,PMSAVE_diff_lag_1,13.799988,0
2013-10-01,PMSAVE_diff_lag_1,-66.099976,0
2013-11-01,PMSAVE_diff_lag_1,-8.400024,0
2013-12-01,PMSAVE_diff_lag_1,34.600037,0
2014-01-01,PMSAVE_diff_lag_1,92.0,0
2014-02-01,PMSAVE_diff_lag_1,34.599976,0
2014-03-01,PMSAVE_diff_lag_1,24.200012,0
2014-04-01,PMSAVE_diff_lag_1,-1.7999878,0
2014-05-01,PMSAVE_diff_lag_1,9.199951,0
2014-06-01,PMSAVE_diff_lag_1,1.4000244,0
2014-07-01,PMSAVE_diff_lag_1,18.099976,0
2014-08-01,PMSAVE_diff_lag_1,-26.399963,0
2014-09-01,PMSAVE_diff_lag_1,21.700012,0
2014-10-01,PMSAVE_diff_lag_1,-21.200012,0
2014-11-01,PMSAVE_diff_lag_1,17.799988,0
2014-12-01,PMSAVE_diff_lag_1,47.80005,0
2015-01-01,PMSAVE_diff_lag_1,15.799927,0
2015-02-01,PMSAVE_diff_lag_1,29.099976,0
2015-03-01,PMSAVE_diff_lag_1,-73.69995,0
2015-04-01,PMSAVE_diff_lag_1,32.599976,0
2015-05-01,PMSAVE_diff_lag_1,1.0999756,0
2015-06-01,PMSAVE_diff_lag_1,17.300049,0
2015-07-01,PMSAVE_diff_lag_1,6.800049,0
2015-08-01,PMSAVE_diff_lag_1,8.199951,0
2015-09-01,PMSAVE_diff_lag_1,8.300049,0
2015-10-01,PMSAVE_diff_lag_1,-21.200073,0
2015-11-01,PMSAVE_diff_lag_1,-52.19995,0
2015-12-01,PMSAVE_diff_lag_1,11.799988,0
2016-01-01,PMSAVE_diff_lag_1,58.399963,0
2016-02-01,PMSAVE_diff_lag_1,-61.0,0
2016-03-01,PMSAVE_diff_lag_1,43.900024,0
2016-04-01,PMSAVE_diff_lag_1,-74.900024,0
2016-05-01,PMSAVE_diff_lag_1,-45.599976,0
2016-06-01,PMSAVE_diff_lag_1,-58.799988,0
2016-07-01,PMSAVE_diff_lag_1,33.399963,0
2016-08-01,PMSAVE_diff_lag_1,-15.199951,0
2016-09-01,PMSAVE_diff_lag_1,-2.2000122,0
2016-10-01,PMSAVE_diff_lag_1,21.200012,0
2016-11-01,PMSAVE_diff_lag_1,5.5,0
2016-12-01,PMSAVE_diff_lag_1,-12.5,0
2017-01-01,PMSAVE_diff_lag_1,60.399963,0
2017-02-01,PMSAVE_diff_lag_1,83.60004,0
2017-03-01,PMSAVE_diff_lag_1,-26.0,0
2017-04-01,PMSAVE_diff_lag_1,-39.80005,0
2017-05-01,PMSAVE_diff_lag_1,29.400024,0
2017-06-01,PMSAVE_diff_lag_1,-44.900024,0
2017-07-01,PMSAVE_diff_lag_1,23.700012,0
2017-08-01,PMSAVE_diff_lag_1,14.600037,0
2017-09-01,PMSAVE_diff_lag_1,-30.600037,0
2017-10-01,PMSAVE_diff_lag_1,0.10003662,0
2017-11-01,PMSAVE_diff_lag_1,-49.5,0
2017-12-01,PMSAVE_diff_lag_1,11.899963,0
2018-01-01,PMSAVE_diff_lag_1,119.79999,0
2018-02-01,PMSAVE_diff_lag_1,64.5,0
2018-03-01,PMSAVE_diff_lag_1,-26.299927,0
2018-04-01,PMSAVE_diff_lag_1,-45.900024,0
2018-05-01,PMSAVE_diff_lag_1,-33.400024,0
2018-06-01,PMSAVE_diff_lag_1,-7.4000244,0
2018-07-01,PMSAVE_diff_lag_1,-19.799988,0
2018-08-01,PMSAVE_diff_lag_1,2.5,0
2018-09-01,PMSAVE_diff_lag_1,7.799988,0
2018-10-01,PMSAVE_diff_lag_1,1.7000122,0
2018-11-01,PMSAVE_diff_lag_1,-23.299988,0
2018-12-01,PMSAVE_diff_lag_1,249.0,0
2019-01-01,PMSAVE_diff_lag_1,-81.80005,0
2019-02-01,PMSAVE_diff_lag_1,8.300049,0
2000-01-01,DSPIC96_diff_lag_1,72.399414,0
2000-02-01,DSPIC96_diff_lag_1,35.5,0
2000-03-01,DSPIC96_diff_lag_1,23.90039,0
2000-04-01,DSPIC96_diff_lag_1,43.299805,0
2000-05-01,DSPIC96_diff_lag_1,36.600586,0
2000-06-01,DSPIC96_diff_lag_1,23.199219,0
2000-07-01,DSPIC96_diff_lag_1,47.0,0
2000-08-01,DSPIC96_diff_lag_1,51.90039,0
2000-09-01,DSPIC96_diff_lag_1,1.2998047,0
2000-10-01,DSPIC96_diff_lag_1,13.100586,0
2000-11-01,DSPIC96_diff_lag_1,-3.9003906,0
2000-12-01,DSPIC96_diff_lag_1,16.299805,0
2001-01-01,DSPIC96_diff_lag_1,56.600586,0
2001-02-01,DSPIC96_diff_lag_1,16.699219,0
2001-03-01,DSPIC96_diff_lag_1,28.600586,0
2001-04-01,DSPIC96_diff_lag_1,-26.40039,0
2001-05-01,DSPIC96_diff_lag_1,-22.700195,0
2001-06-01,DSPIC96_diff_lag_1,0.30078125,0
2001-07-01,DSPIC96_diff_lag_1,142.2998,0
2001-08-01,DSPIC96_diff_lag_1,168.2002,0
2001-09-01,DSPIC96_diff_lag_1,-72.700195,0
2001-10-01,DSPIC96_diff_lag_1,-153.90039,0
2001-11-01,DSPIC96_diff_lag_1,22.0,0
2001-12-01,DSPIC96_diff_lag_1,20.100586,0
2002-01-01,DSPIC96_diff_lag_1,194.0,0
2002-02-01,DSPIC96_diff_lag_1,8.0,0
2002-03-01,DSPIC96_diff_lag_1,-0.5,0
2002-04-01,DSPIC96_diff_lag_1,35.399414,0
2002-05-01,DSPIC96_diff_lag_1,33.5,0
2002-06-01,DSPIC96_diff_lag_1,22.200195,0
2002-07-01,DSPIC96_diff_lag_1,-32.0,0
2002-08-01,DSPIC96_diff_lag_1,-6.0996094,0
2002-09-01,DSPIC96_diff_lag_1,4.0,0
2002-10-01,DSPIC96_diff_lag_1,27.799805,0
2002-11-01,DSPIC96_diff_lag_1,29.899414,0
2002-12-01,DSPIC96_diff_lag_1,33.80078,0
2003-01-01,DSPIC96_diff_lag_1,0.19921875,0
2003-02-01,DSPIC96_diff_lag_1,-26.299805,0
2003-03-01,DSPIC96_diff_lag_1,25.700195,0
2003-04-01,DSPIC96_diff_lag_1,53.0,0
2003-05-01,DSPIC96_diff_lag_1,77.700195,0
2003-06-01,DSPIC96_diff_lag_1,30.299805,0
2003-07-01,DSPIC96_diff_lag_1,123.700195,0
2003-08-01,DSPIC96_diff_lag_1,68.09961,0
2003-09-01,DSPIC96_diff_lag_1,-126.200195,0
2003-10-01,DSPIC96_diff_lag_1,40.0,0
2003-11-01,DSPIC96_diff_lag_1,65.90039,0
2003-12-01,DSPIC96_diff_lag_1,14.400391,0
2004-01-01,DSPIC96_diff_lag_1,-9.900391,0
2004-02-01,DSPIC96_diff_lag_1,18.200195,0
2004-03-01,DSPIC96_diff_lag_1,42.899414,0
2004-04-01,DSPIC96_diff_lag_1,44.100586,0
2004-05-01,DSPIC96_diff_lag_1,57.5,0
2004-06-01,DSPIC96_diff_lag_1,9.0,0
2004-07-01,DSPIC96_diff_lag_1,21.700195,0
2004-08-01,DSPIC96_diff_lag_1,31.09961,0
2004-09-01,DSPIC96_diff_lag_1,5.2001953,0
2004-10-01,DSPIC96_diff_lag_1,7.0996094,0
2004-11-01,DSPIC96_diff_lag_1,-27.59961,0
2004-12-01,DSPIC96_diff_lag_1,396.5,0
2005-01-01,DSPIC96_diff_lag_1,-397.2998,0
2005-02-01,DSPIC96_diff_lag_1,4.399414,0
2005-03-01,DSPIC96_diff_lag_1,38.0,0
2005-04-01,DSPIC96_diff_lag_1,34.100586,0
2005-05-01,DSPIC96_diff_lag_1,49.09961,0
2005-06-01,DSPIC96_diff_lag_1,23.5,0
2005-07-01,DSPIC96_diff_lag_1,2.7998047,0
2005-08-01,DSPIC96_diff_lag_1,13.799805,0
2005-09-01,DSPIC96_diff_lag_1,-36.899414,0
2005-10-01,DSPIC96_diff_lag_1,79.200195,0
2005-11-01,DSPIC96_diff_lag_1,90.5,0
2005-12-01,DSPIC96_diff_lag_1,57.59961,0
2006-01-01,DSPIC96_diff_lag_1,111.5,0
2006-02-01,DSPIC96_diff_lag_1,39.299805,0
2006-03-01,DSPIC96_diff_lag_1,20.5,0
2006-04-01,DSPIC96_diff_lag_1,-5.2998047,0
2006-05-01,DSPIC96_diff_lag_1,-4.7998047,0
2006-06-01,DSPIC96_diff_lag_1,27.299805,0
2006-07-01,DSPIC96_diff_lag_1,-9.200195,0
2006-08-01,DSPIC96_diff_lag_1,-3.2998047,0
2006-09-01,DSPIC96_diff_lag_1,71.200195,0
2006-10-01,DSPIC96_diff_lag_1,57.899414,0
2006-11-01,DSPIC96_diff_lag_1,44.0,0
2006-12-01,DSPIC96_diff_lag_1,43.700195,0
2007-01-01,DSPIC96_diff_lag_1,10.799805,0
2007-02-01,DSPIC96_diff_lag_1,43.5,0
2007-03-01,DSPIC96_diff_lag_1,39.700195,0
2007-04-01,DSPIC96_diff_lag_1,-0.89941406,0
2007-05-01,DSPIC96_diff_lag_1,-7.0,0
2007-06-01,DSPIC96_diff_lag_1,-17.800781,0
2007-07-01,DSPIC96_diff_lag_1,9.600586,0
2007-08-01,DSPIC96_diff_lag_1,8.5,0
2007-09-01,DSPIC96_diff_lag_1,27.399414,0
2007-10-01,DSPIC96_diff_lag_1,-18.199219,0
2007-11-01,DSPIC96_diff_lag_1,-13.5,0
2007-12-01,DSPIC96_diff_lag_1,41.69922,0
2008-01-01,DSPIC96_diff_lag_1,11.600586,0
2008-02-01,DSPIC96_diff_lag_1,-2.0,0
2008-03-01,DSPIC96_diff_lag_1,-4.7001953,0
2008-04-01,DSPIC96_diff_lag_1,-46.299805,0
2008-05-01,DSPIC96_diff_lag_1,551.2002,0
2008-06-01,DSPIC96_diff_lag_1,-318.9004,0
2008-07-01,DSPIC96_diff_lag_1,-184.7002,0
2008-08-01,DSPIC96_diff_lag_1,-65.899414,0
2008-09-01,DSPIC96_diff_lag_1,31.899414,0
2008-10-01,DSPIC96_diff_lag_1,62.5,0
2008-11-01,DSPIC96_diff_lag_1,87.600586,0
2008-12-01,DSPIC96_diff_lag_1,-58.600586,0
2009-01-01,DSPIC96_diff_lag_1,41.0,0
2009-02-01,DSPIC96_diff_lag_1,-120.200195,0
2009-03-01,DSPIC96_diff_lag_1,-3.399414,0
2009-04-01,DSPIC96_diff_lag_1,103.5,0
2009-05-01,DSPIC96_diff_lag_1,192.5,0
2009-06-01,DSPIC96_diff_lag_1,-195.2002,0
2009-07-01,DSPIC96_diff_lag_1,-53.90039,0
2009-08-01,DSPIC96_diff_lag_1,-29.5,0
2009-09-01,DSPIC96_diff_lag_1,21.600586,0
2009-10-01,DSPIC96_diff_lag_1,-49.600586,0
2009-11-01,DSPIC96_diff_lag_1,31.600586,0
2009-12-01,DSPIC96_diff_lag_1,63.299805,0
2010-01-01,DSPIC96_diff_lag_1,1.0996094,0
2010-02-01,DSPIC96_diff_lag_1,-2.1992188,0
2010-03-01,DSPIC96_diff_lag_1,37.899414,0
2010-04-01,DSPIC96_diff_lag_1,97.0,0
2010-05-01,DSPIC96_diff_lag_1,94.40039,0
2010-06-01,DSPIC96_diff_lag_1,20.899414,0
2010-07-01,DSPIC96_diff_lag_1,19.600586,0
2010-08-01,DSPIC96_diff_lag_1,34.5,0
2010-09-01,DSPIC96_diff_lag_1,-11.700195,0
2010-10-01,DSPIC96_diff_lag_1,17.299805,0
2010-11-01,DSPIC96_diff_lag_1,26.299805,0
2010-12-01,DSPIC96_diff_lag_1,84.30078,0
2011-01-01,DSPIC96_diff_lag_1,49.5,0
2011-02-01,DSPIC96_diff_lag_1,29.799805,0
2011-03-01,DSPIC96_diff_lag_1,-36.90039,0
2011-04-01,DSPIC96_diff_lag_1,-22.299805,0
2011-05-01,DSPIC96_diff_lag_1,-12.400391,0
2011-06-01,DSPIC96_diff_lag_1,56.40039,0
2011-07-01,DSPIC96_diff_lag_1,35.40039,0
2011-08-01,DSPIC96_diff_lag_1,-13.300781,0
2011-09-01,DSPIC96_diff_lag_1,-21.899414,0
2011-10-01,DSPIC96_diff_lag_1,21.59961,0
2011-11-01,DSPIC96_diff_lag_1,-2.2998047,0
2011-12-01,DSPIC96_diff_lag_1,109.700195,0
2012-01-01,DSPIC96_diff_lag_1,90.799805,0
2012-02-01,DSPIC96_diff_lag_1,74.40039,0
2012-03-01,DSPIC96_diff_lag_1,43.899414,0
2012-04-01,DSPIC96_diff_lag_1,47.799805,0
2012-05-01,DSPIC96_diff_lag_1,10.400391,0
2012-06-01,DSPIC96_diff_lag_1,11.200195,0
2012-07-01,DSPIC96_diff_lag_1,-88.600586,0
2012-08-01,DSPIC96_diff_lag_1,-47.5,0
2012-09-01,DSPIC96_diff_lag_1,59.90039,0
2012-10-01,DSPIC96_diff_lag_1,93.90039,0
2012-11-01,DSPIC96_diff_lag_1,176.69922,0
2012-12-01,DSPIC96_diff_lag_1,323.2002,0
2013-01-01,DSPIC96_diff_lag_1,-749.5,0
2013-02-01,DSPIC96_diff_lag_1,-61.59961,0
2013-03-01,DSPIC96_diff_lag_1,18.700195,0
2013-04-01,DSPIC96_diff_lag_1,48.0,0
2013-05-01,DSPIC96_diff_lag_1,70.299805,0
2013-06-01,DSPIC96_diff_lag_1,12.799805,0
2013-07-01,DSPIC96_diff_lag_1,-13.5,0
2013-08-01,DSPIC96_diff_lag_1,27.200195,0
2013-09-01,DSPIC96_diff_lag_1,50.0,0
2013-10-01,DSPIC96_diff_lag_1,-32.700195,0
2013-11-01,DSPIC96_diff_lag_1,39.299805,0
2013-12-01,DSPIC96_diff_lag_1,39.0,0
2014-01-01,DSPIC96_diff_lag_1,67.700195,0
2014-02-01,DSPIC96_diff_lag_1,86.0,0
2014-03-01,DSPIC96_diff_lag_1,75.299805,0
2014-04-01,DSPIC96_diff_lag_1,32.200195,0
2014-05-01,DSPIC96_diff_lag_1,35.09961,0
2014-06-01,DSPIC96_diff_lag_1,51.100586,0
2014-07-01,DSPIC96_diff_lag_1,43.09961,0
2014-08-01,DSPIC96_diff_lag_1,60.700195,0
2014-09-01,DSPIC96_diff_lag_1,34.90039,0
2014-10-01,DSPIC96_diff_lag_1,50.799805,0
2014-11-01,DSPIC96_diff_lag_1,54.299805,0
2014-12-01,DSPIC96_diff_lag_1,83.40039,0
2015-01-01,DSPIC96_diff_lag_1,66.5,0
2015-02-01,DSPIC96_diff_lag_1,45.799805,0
2015-03-01,DSPIC96_diff_lag_1,-27.90039,0
2015-04-01,DSPIC96_diff_lag_1,63.600586,0
2015-05-01,DSPIC96_diff_lag_1,44.799805,0
2015-06-01,DSPIC96_diff_lag_1,33.09961,0
2015-07-01,DSPIC96_diff_lag_1,39.40039,0
2015-08-01,DSPIC96_diff_lag_1,42.399414,0
2015-09-01,DSPIC96_diff_lag_1,23.700195,0
2015-10-01,DSPIC96_diff_lag_1,5.4003906,0
2015-11-01,DSPIC96_diff_lag_1,-28.0,0
2015-12-01,DSPIC96_diff_lag_1,43.0,0
2016-01-01,DSPIC96_diff_lag_1,55.799805,0
2016-02-01,DSPIC96_diff_lag_1,15.200195,0
2016-03-01,DSPIC96_diff_lag_1,16.799805,0
2016-04-01,DSPIC96_diff_lag_1,-26.59961,0
2016-05-01,DSPIC96_diff_lag_1,-13.700195,0
2016-06-01,DSPIC96_diff_lag_1,-3.7998047,0
2016-07-01,DSPIC96_diff_lag_1,37.19922,0
2016-08-01,DSPIC96_diff_lag_1,11.800781,0
2016-09-01,DSPIC96_diff_lag_1,40.299805,0
2016-10-01,DSPIC96_diff_lag_1,30.799805,0
2016-11-01,DSPIC96_diff_lag_1,34.0,0
2016-12-01,DSPIC96_diff_lag_1,24.59961,0
2017-01-01,DSPIC96_diff_lag_1,59.80078,0
2017-02-01,DSPIC96_diff_lag_1,60.0,0
2017-03-01,DSPIC96_diff_lag_1,67.399414,0
2017-04-01,DSPIC96_diff_lag_1,-25.0,0
2017-05-01,DSPIC96_diff_lag_1,57.200195,0
2017-06-01,DSPIC96_diff_lag_1,-10.900391,0
2017-07-01,DSPIC96_diff_lag_1,40.100586,0
2017-08-01,DSPIC96_diff_lag_1,26.200195,0
2017-09-01,DSPIC96_diff_lag_1,21.299805,0
2017-10-01,DSPIC96_diff_lag_1,37.59961,0
2017-11-01,DSPIC96_diff_lag_1,14.0,0
2017-12-01,DSPIC96_diff_lag_1,29.40039,0
2018-01-01,DSPIC96_diff_lag_1,95.5,0
2018-02-01,DSPIC96_diff_lag_1,26.799805,0
2018-03-01,DSPIC96_diff_lag_1,48.799805,0
2018-04-01,DSPIC96_diff_lag_1,-1.5996094,0
2018-05-01,DSPIC96_diff_lag_1,14.599609,0
2018-06-01,DSPIC96_diff_lag_1,37.700195,0
2018-07-01,DSPIC96_diff_lag_1,30.0,0
2018-08-01,DSPIC96_diff_lag_1,44.5,0
2018-09-01,DSPIC96_diff_lag_1,9.400391,0
2018-10-01,DSPIC96_diff_lag_1,53.5,0
2018-11-01,DSPIC96_diff_lag_1,40.799805,0
2018-12-01,DSPIC96_diff_lag_1,150.09961,0
2019-01-01,DSPIC96_diff_lag_1,-22.899414,0
2019-02-01,DSPIC96_diff_lag_1,6.0,0
2000-01-01,A229RX0_diff_lag_1,230.0,0
2000-02-01,A229RX0_diff_lag_1,100.0,0
2000-03-01,A229RX0_diff_lag_1,58.0,0
2000-04-01,A229RX0_diff_lag_1,126.0,0
2000-05-01,A229RX0_diff_lag_1,103.0,0
2000-06-01,A229RX0_diff_lag_1,52.0,0
2000-07-01,A229RX0_diff_lag_1,136.0,0
2000-08-01,A229RX0_diff_lag_1,152.0,0
2000-09-01,A229RX0_diff_lag_1,-28.0,0
2000-10-01,A229RX0_diff_lag_1,17.0,0
2000-11-01,A229RX0_diff_lag_1,-42.0,0
2000-12-01,A229RX0_diff_lag_1,30.0,0
2001-01-01,A229RX0_diff_lag_1,175.0,0
2001-02-01,A229RX0_diff_lag_1,33.0,0
2001-03-01,A229RX0_diff_lag_1,76.0,0
2001-04-01,A229RX0_diff_lag_1,-120.0,0
2001-05-01,A229RX0_diff_lag_1,-107.0,0
2001-06-01,A229RX0_diff_lag_1,-28.0,0
2001-07-01,A229RX0_diff_lag_1,469.0,0
2001-08-01,A229RX0_diff_lag_1,558.0,0
2001-09-01,A229RX0_diff_lag_1,-286.0,0
2001-10-01,A229RX0_diff_lag_1,-567.0,0
2001-11-01,A229RX0_diff_lag_1,49.0,0
2001-12-01,A229RX0_diff_lag_1,45.0,0
2002-01-01,A229RX0_diff_lag_1,652.0,0
2002-02-01,A229RX0_diff_lag_1,4.0,0
2002-03-01,A229RX0_diff_lag_1,-26.0,0
2002-04-01,A229RX0_diff_lag_1,98.0,0
2002-05-01,A229RX0_diff_lag_1,89.0,0
2002-06-01,A229RX0_diff_lag_1,48.0,0
2002-07-01,A229RX0_diff_lag_1,-140.0,0
2002-08-01,A229RX0_diff_lag_1,-52.0,0
2002-09-01,A229RX0_diff_lag_1,-16.0,0
2002-10-01,A229RX0_diff_lag_1,67.0,0
2002-11-01,A229RX0_diff_lag_1,77.0,0
2002-12-01,A229RX0_diff_lag_1,92.0,0
2003-01-01,A229RX0_diff_lag_1,-23.0,0
2003-02-01,A229RX0_diff_lag_1,-114.0,0
2003-03-01,A229RX0_diff_lag_1,64.0,0
2003-04-01,A229RX0_diff_lag_1,157.0,0
2003-05-01,A229RX0_diff_lag_1,241.0,0
2003-06-01,A229RX0_diff_lag_1,75.0,0
2003-07-01,A229RX0_diff_lag_1,396.0,0
2003-08-01,A229RX0_diff_lag_1,204.0,0
2003-09-01,A229RX0_diff_lag_1,-464.0,0
2003-10-01,A229RX0_diff_lag_1,108.0,0
2003-11-01,A229RX0_diff_lag_1,200.0,0
2003-12-01,A229RX0_diff_lag_1,26.0,0
2004-01-01,A229RX0_diff_lag_1,-57.0,0
2004-02-01,A229RX0_diff_lag_1,40.0,0
2004-03-01,A229RX0_diff_lag_1,122.0,0
2004-04-01,A229RX0_diff_lag_1,124.0,0
2004-05-01,A229RX0_diff_lag_1,169.0,0
2004-06-01,A229RX0_diff_lag_1,2.0,0
2004-07-01,A229RX0_diff_lag_1,44.0,0
2004-08-01,A229RX0_diff_lag_1,74.0,0
2004-09-01,A229RX0_diff_lag_1,-13.0,0
2004-10-01,A229RX0_diff_lag_1,-7.0,0
2004-11-01,A229RX0_diff_lag_1,-122.0,0
2004-12-01,A229RX0_diff_lag_1,1318.0,0
2005-01-01,A229RX0_diff_lag_1,-1374.0,0
2005-02-01,A229RX0_diff_lag_1,-8.0,0
2005-03-01,A229RX0_diff_lag_1,105.0,0
2005-04-01,A229RX0_diff_lag_1,89.0,0
2005-05-01,A229RX0_diff_lag_1,139.0,0
2005-06-01,A229RX0_diff_lag_1,50.0,0
2005-07-01,A229RX0_diff_lag_1,-22.0,0
2005-08-01,A229RX0_diff_lag_1,14.0,0
2005-09-01,A229RX0_diff_lag_1,-157.0,0
2005-10-01,A229RX0_diff_lag_1,236.0,0
2005-11-01,A229RX0_diff_lag_1,276.0,0
2005-12-01,A229RX0_diff_lag_1,166.0,0
2006-01-01,A229RX0_diff_lag_1,348.0,0
2006-02-01,A229RX0_diff_lag_1,106.0,0
2006-03-01,A229RX0_diff_lag_1,42.0,0
2006-04-01,A229RX0_diff_lag_1,-46.0,0
2006-05-01,A229RX0_diff_lag_1,-45.0,0
2006-06-01,A229RX0_diff_lag_1,60.0,0
2006-07-01,A229RX0_diff_lag_1,-63.0,0
2006-08-01,A229RX0_diff_lag_1,-45.0,0
2006-09-01,A229RX0_diff_lag_1,203.0,0
2006-10-01,A229RX0_diff_lag_1,161.0,0
2006-11-01,A229RX0_diff_lag_1,117.0,0
2006-12-01,A229RX0_diff_lag_1,116.0,0
2007-01-01,A229RX0_diff_lag_1,9.0,0
2007-02-01,A229RX0_diff_lag_1,118.0,0
2007-03-01,A229RX0_diff_lag_1,104.0,0
2007-04-01,A229RX0_diff_lag_1,-31.0,0
2007-05-01,A229RX0_diff_lag_1,-53.0,0
2007-06-01,A229RX0_diff_lag_1,-91.0,0
2007-07-01,A229RX0_diff_lag_1,0.0,0
2007-08-01,A229RX0_diff_lag_1,-7.0,0
2007-09-01,A229RX0_diff_lag_1,57.0,0
2007-10-01,A229RX0_diff_lag_1,-93.0,0
2007-11-01,A229RX0_diff_lag_1,-75.0,0
2007-12-01,A229RX0_diff_lag_1,109.0,0
2008-01-01,A229RX0_diff_lag_1,11.0,0
2008-02-01,A229RX0_diff_lag_1,-34.0,0
2008-03-01,A229RX0_diff_lag_1,-42.0,0
2008-04-01,A229RX0_diff_lag_1,-179.0,0
2008-05-01,A229RX0_diff_lag_1,1783.0,0
2008-06-01,A229RX0_diff_lag_1,-1079.0,0
2008-07-01,A229RX0_diff_lag_1,-638.0,0
2008-08-01,A229RX0_diff_lag_1,-248.0,0
2008-09-01,A229RX0_diff_lag_1,73.0,0
2008-10-01,A229RX0_diff_lag_1,175.0,0
2008-11-01,A229RX0_diff_lag_1,259.0,0
2008-12-01,A229RX0_diff_lag_1,-217.0,0
2009-01-01,A229RX0_diff_lag_1,108.0,0
2009-02-01,A229RX0_diff_lag_1,-417.0,0
2009-03-01,A229RX0_diff_lag_1,-36.0,0
2009-04-01,A229RX0_diff_lag_1,312.0,0
2009-05-01,A229RX0_diff_lag_1,600.0,0
2009-06-01,A229RX0_diff_lag_1,-664.0,0
2009-07-01,A229RX0_diff_lag_1,-204.0,0
2009-08-01,A229RX0_diff_lag_1,-126.0,0
2009-09-01,A229RX0_diff_lag_1,39.0,0
2009-10-01,A229RX0_diff_lag_1,-191.0,0
2009-11-01,A229RX0_diff_lag_1,76.0,0
2009-12-01,A229RX0_diff_lag_1,180.0,0
2010-01-01,A229RX0_diff_lag_1,-22.0,0
2010-02-01,A229RX0_diff_lag_1,-31.0,0
2010-03-01,A229RX0_diff_lag_1,99.0,0
2010-04-01,A229RX0_diff_lag_1,291.0,0
2010-05-01,A229RX0_diff_lag_1,283.0,0
2010-06-01,A229RX0_diff_lag_1,45.0,0
2010-07-01,A229RX0_diff_lag_1,38.0,0
2010-08-01,A229RX0_diff_lag_1,84.0,0
2010-09-01,A229RX0_diff_lag_1,-65.0,0
2010-10-01,A229RX0_diff_lag_1,30.0,0
2010-11-01,A229RX0_diff_lag_1,61.0,0
2010-12-01,A229RX0_diff_lag_1,249.0,0
2011-01-01,A229RX0_diff_lag_1,138.0,0
2011-02-01,A229RX0_diff_lag_1,77.0,0
2011-03-01,A229RX0_diff_lag_1,-139.0,0
2011-04-01,A229RX0_diff_lag_1,-92.0,0
2011-05-01,A229RX0_diff_lag_1,-62.0,0
2011-06-01,A229RX0_diff_lag_1,156.0,0
2011-07-01,A229RX0_diff_lag_1,88.0,0
2011-08-01,A229RX0_diff_lag_1,-69.0,0
2011-09-01,A229RX0_diff_lag_1,-98.0,0
2011-10-01,A229RX0_diff_lag_1,45.0,0
2011-11-01,A229RX0_diff_lag_1,-30.0,0
2011-12-01,A229RX0_diff_lag_1,328.0,0
2012-01-01,A229RX0_diff_lag_1,269.0,0
2012-02-01,A229RX0_diff_lag_1,218.0,0
2012-03-01,A229RX0_diff_lag_1,119.0,0
2012-04-01,A229RX0_diff_lag_1,132.0,0
2012-05-01,A229RX0_diff_lag_1,11.0,0
2012-06-01,A229RX0_diff_lag_1,11.0,0
2012-07-01,A229RX0_diff_lag_1,-307.0,0
2012-08-01,A229RX0_diff_lag_1,-178.0,0
2012-09-01,A229RX0_diff_lag_1,163.0,0
2012-10-01,A229RX0_diff_lag_1,272.0,0
2012-11-01,A229RX0_diff_lag_1,537.0,0
2012-12-01,A229RX0_diff_lag_1,1004.0,0
2013-01-01,A229RX0_diff_lag_1,-2395.0,0
2013-02-01,A229RX0_diff_lag_1,-212.0,0
2013-03-01,A229RX0_diff_lag_1,41.0,0
2013-04-01,A229RX0_diff_lag_1,132.0,0
2013-05-01,A229RX0_diff_lag_1,201.0,0
2013-06-01,A229RX0_diff_lag_1,17.0,0
2013-07-01,A229RX0_diff_lag_1,-68.0,0
2013-08-01,A229RX0_diff_lag_1,59.0,0
2013-09-01,A229RX0_diff_lag_1,130.0,0
2013-10-01,A229RX0_diff_lag_1,-129.0,0
2013-11-01,A229RX0_diff_lag_1,100.0,0
2013-12-01,A229RX0_diff_lag_1,100.0,0
2014-01-01,A229RX0_diff_lag_1,192.0,0
2014-02-01,A229RX0_diff_lag_1,251.0,0
2014-03-01,A229RX0_diff_lag_1,216.0,0
2014-04-01,A229RX0_diff_lag_1,79.0,0
2014-05-01,A229RX0_diff_lag_1,86.0,0
2014-06-01,A229RX0_diff_lag_1,136.0,0
2014-07-01,A229RX0_diff_lag_1,108.0,0
2014-08-01,A229RX0_diff_lag_1,161.0,0
2014-09-01,A229RX0_diff_lag_1,80.0,0
2014-10-01,A229RX0_diff_lag_1,132.0,0
2014-11-01,A229RX0_diff_lag_1,144.0,0
2014-12-01,A229RX0_diff_lag_1,238.0,0
2015-01-01,A229RX0_diff_lag_1,187.0,0
2015-02-01,A229RX0_diff_lag_1,123.0,0
2015-03-01,A229RX0_diff_lag_1,-108.0,0
2015-04-01,A229RX0_diff_lag_1,176.0,0
2015-05-01,A229RX0_diff_lag_1,115.0,0
2015-06-01,A229RX0_diff_lag_1,78.0,0
2015-07-01,A229RX0_diff_lag_1,95.0,0
2015-08-01,A229RX0_diff_lag_1,103.0,0
2015-09-01,A229RX0_diff_lag_1,44.0,0
2015-10-01,A229RX0_diff_lag_1,-11.0,0
2015-11-01,A229RX0_diff_lag_1,-112.0,0
2015-12-01,A229RX0_diff_lag_1,109.0,0
2016-01-01,A229RX0_diff_lag_1,150.0,0
2016-02-01,A229RX0_diff_lag_1,26.0,0
2016-03-01,A229RX0_diff_lag_1,31.0,0
2016-04-01,A229RX0_diff_lag_1,-105.0,0
2016-05-01,A229RX0_diff_lag_1,-66.0,0
2016-06-01,A229RX0_diff_lag_1,-37.0,0
2016-07-01,A229RX0_diff_lag_1,88.0,0
2016-08-01,A229RX0_diff_lag_1,9.0,0
2016-09-01,A229RX0_diff_lag_1,98.0,0
2016-10-01,A229RX0_diff_lag_1,69.0,0
2016-11-01,A229RX0_diff_lag_1,81.0,0
2016-12-01,A229RX0_diff_lag_1,55.0,0
2017-01-01,A229RX0_diff_lag_1,164.0,0
2017-02-01,A229RX0_diff_lag_1,167.0,0
2017-03-01,A229RX0_diff_lag_1,189.0,0
2017-04-01,A229RX0_diff_lag_1,-97.0,0
2017-05-01,A229RX0_diff_lag_1,155.0,0
2017-06-01,A229RX0_diff_lag_1,-57.0,0
2017-07-01,A229RX0_diff_lag_1,98.0,0
2017-08-01,A229RX0_diff_lag_1,54.0,0
2017-09-01,A229RX0_diff_lag_1,40.0,0
2017-10-01,A229RX0_diff_lag_1,90.0,0
2017-11-01,A229RX0_diff_lag_1,21.0,0
2017-12-01,A229RX0_diff_lag_1,69.0,0
2018-01-01,A229RX0_diff_lag_1,273.0,0
2018-02-01,A229RX0_diff_lag_1,63.0,0
2018-03-01,A229RX0_diff_lag_1,131.0,0
2018-04-01,A229RX0_diff_lag_1,-26.0,0
2018-05-01,A229RX0_diff_lag_1,22.0,0
2018-06-01,A229RX0_diff_lag_1,92.0,0
2018-07-01,A229RX0_diff_lag_1,66.0,0
2018-08-01,A229RX0_diff_lag_1,110.0,0
2018-09-01,A229RX0_diff_lag_1,2.0,0
2018-10-01,A229RX0_diff_lag_1,139.0,0
2018-11-01,A229RX0_diff_lag_1,102.0,0
2018-12-01,A229RX0_diff_lag_1,437.0,0
2019-01-01,A229RX0_diff_lag_1,-90.0,0
2019-02-01,A229RX0_diff_lag_1,0.0,0
2000-01-01,DSPIC96_perc_diff_lag_1,0.7839931,0
2000-02-01,DSPIC96_perc_diff_lag_1,0.38142926,0
2000-03-01,DSPIC96_perc_diff_lag_1,0.25582162,0
2000-04-01,DSPIC96_perc_diff_lag_1,0.46228373,0
2000-05-01,DSPIC96_perc_diff_lag_1,0.38896242,0
2000-06-01,DSPIC96_perc_diff_lag_1,0.24558793,0
2000-07-01,DSPIC96_perc_diff_lag_1,0.4963251,0
2000-08-01,DSPIC96_perc_diff_lag_1,0.54536694,0
2000-09-01,DSPIC96_perc_diff_lag_1,0.013584205,0
2000-10-01,DSPIC96_perc_diff_lag_1,0.13689509,0
2000-11-01,DSPIC96_perc_diff_lag_1,-0.040701568,0
2000-12-01,DSPIC96_perc_diff_lag_1,0.17016186,0
2001-01-01,DSPIC96_perc_diff_lag_1,0.58987826,0
2001-02-01,DSPIC96_perc_diff_lag_1,0.17301482,0
2001-03-01,DSPIC96_perc_diff_lag_1,0.29580897,0
2001-04-01,DSPIC96_perc_diff_lag_1,-0.27224755,0
2001-05-01,DSPIC96_perc_diff_lag_1,-0.23472925,0
2001-06-01,DSPIC96_perc_diff_lag_1,0.003117518,0
2001-07-01,DSPIC96_perc_diff_lag_1,1.4748539,0
2001-08-01,DSPIC96_perc_diff_lag_1,1.7179588,0
2001-09-01,DSPIC96_perc_diff_lag_1,-0.7300022,0
2001-10-01,DSPIC96_perc_diff_lag_1,-1.5567193,0
2001-11-01,DSPIC96_perc_diff_lag_1,0.2260514,0
2001-12-01,DSPIC96_perc_diff_lag_1,0.20606898,0
2002-01-01,DSPIC96_perc_diff_lag_1,1.9847765,0
2002-02-01,DSPIC96_perc_diff_lag_1,0.0802536,0
2002-03-01,DSPIC96_perc_diff_lag_1,-0.0050118277,0
2002-04-01,DSPIC96_perc_diff_lag_1,0.3548493,0
2002-05-01,DSPIC96_perc_diff_lag_1,0.33462188,0
2002-06-01,DSPIC96_perc_diff_lag_1,0.22101182,0
2002-07-01,DSPIC96_perc_diff_lag_1,-0.31787026,0
2002-08-01,DSPIC96_perc_diff_lag_1,-0.060783353,0
2002-09-01,DSPIC96_perc_diff_lag_1,0.03988473,0
2002-10-01,DSPIC96_perc_diff_lag_1,0.2770864,0
2002-11-01,DSPIC96_perc_diff_lag_1,0.2971902,0
2002-12-01,DSPIC96_perc_diff_lag_1,0.33497298,0
2003-01-01,DSPIC96_perc_diff_lag_1,0.001967709,0
2003-02-01,DSPIC96_perc_diff_lag_1,-0.25976142,0
2003-03-01,DSPIC96_perc_diff_lag_1,0.2545002,0
2003-04-01,DSPIC96_perc_diff_lag_1,0.5235085,0
2003-05-01,DSPIC96_perc_diff_lag_1,0.76348823,0
2003-06-01,DSPIC96_perc_diff_lag_1,0.29547235,0
2003-07-01,DSPIC96_perc_diff_lag_1,1.2027243,0
2003-08-01,DSPIC96_perc_diff_lag_1,0.65425664,0
2003-09-01,DSPIC96_perc_diff_lag_1,-1.2045681,0
2003-10-01,DSPIC96_perc_diff_lag_1,0.38645104,0
2003-11-01,DSPIC96_perc_diff_lag_1,0.63423085,0
2003-12-01,DSPIC96_perc_diff_lag_1,0.13771711,0
2004-01-01,DSPIC96_perc_diff_lag_1,-0.094551474,0
2004-02-01,DSPIC96_perc_diff_lag_1,0.17398141,0
2004-03-01,DSPIC96_perc_diff_lag_1,0.4093768,0
2004-04-01,DSPIC96_perc_diff_lag_1,0.41912344,0
2004-05-01,DSPIC96_perc_diff_lag_1,0.5441881,0
2004-06-01,DSPIC96_perc_diff_lag_1,0.084716246,0
2004-07-01,DSPIC96_perc_diff_lag_1,0.20408922,0
2004-08-01,DSPIC96_perc_diff_lag_1,0.2918945,0
2004-09-01,DSPIC96_perc_diff_lag_1,0.048665904,0
2004-10-01,DSPIC96_perc_diff_lag_1,0.06640921,0
2004-11-01,DSPIC96_perc_diff_lag_1,-0.2579933,0
2004-12-01,DSPIC96_perc_diff_lag_1,3.7159564,0
2005-01-01,DSPIC96_perc_diff_lag_1,-3.5900476,0
2005-02-01,DSPIC96_perc_diff_lag_1,0.04123394,0
2005-03-01,DSPIC96_perc_diff_lag_1,0.35601193,0
2005-04-01,DSPIC96_perc_diff_lag_1,0.318346,0
2005-05-01,DSPIC96_perc_diff_lag_1,0.4569148,0
2005-06-01,DSPIC96_perc_diff_lag_1,0.21769337,0
2005-07-01,DSPIC96_perc_diff_lag_1,0.025879787,0
2005-08-01,DSPIC96_perc_diff_lag_1,0.12752447,0
2005-09-01,DSPIC96_perc_diff_lag_1,-0.34055445,0
2005-10-01,DSPIC96_perc_diff_lag_1,0.7334574,0
2005-11-01,DSPIC96_perc_diff_lag_1,0.83200026,0
2005-12-01,DSPIC96_perc_diff_lag_1,0.5251653,0
2006-01-01,DSPIC96_perc_diff_lag_1,1.011292,0
2006-02-01,DSPIC96_perc_diff_lag_1,0.35287604,0
2006-03-01,DSPIC96_perc_diff_lag_1,0.18342386,0
2006-04-01,DSPIC96_perc_diff_lag_1,-0.04733321,0
2006-05-01,DSPIC96_perc_diff_lag_1,-0.04288795,0
2006-06-01,DSPIC96_perc_diff_lag_1,0.24403805,0
2006-07-01,DSPIC96_perc_diff_lag_1,-0.082042046,0
2006-08-01,DSPIC96_perc_diff_lag_1,-0.029449921,0
2006-09-01,DSPIC96_perc_diff_lag_1,0.6356309,0
2006-10-01,DSPIC96_perc_diff_lag_1,0.5136251,0
2006-11-01,DSPIC96_perc_diff_lag_1,0.38832897,0
2006-12-01,DSPIC96_perc_diff_lag_1,0.38419107,0
2007-01-01,DSPIC96_perc_diff_lag_1,0.0945833,0
2007-02-01,DSPIC96_perc_diff_lag_1,0.3806074,0
2007-03-01,DSPIC96_perc_diff_lag_1,0.3460436,0
2007-04-01,DSPIC96_perc_diff_lag_1,-0.007812636,0
2007-05-01,DSPIC96_perc_diff_lag_1,-0.060809284,0
2007-06-01,DSPIC96_perc_diff_lag_1,-0.1547302,0
2007-07-01,DSPIC96_perc_diff_lag_1,0.08358075,0
2007-08-01,DSPIC96_perc_diff_lag_1,0.073937476,0
2007-09-01,DSPIC96_perc_diff_lag_1,0.23815843,0
2007-10-01,DSPIC96_perc_diff_lag_1,-0.15781358,0
2007-11-01,DSPIC96_perc_diff_lag_1,-0.11724958,0
2007-12-01,DSPIC96_perc_diff_lag_1,0.36258927,0
2008-01-01,DSPIC96_perc_diff_lag_1,0.10050672,0
2008-02-01,DSPIC96_perc_diff_lag_1,-0.017310472,0
2008-03-01,DSPIC96_perc_diff_lag_1,-0.040688343,0
2008-04-01,DSPIC96_perc_diff_lag_1,-0.40096825,0
2008-05-01,DSPIC96_perc_diff_lag_1,4.792753,0
2008-06-01,DSPIC96_perc_diff_lag_1,-2.646059,0
2008-07-01,DSPIC96_perc_diff_lag_1,-1.5741941,0
2008-08-01,DSPIC96_perc_diff_lag_1,-0.5706417,0
2008-09-01,DSPIC96_perc_diff_lag_1,0.27781138,0
2008-10-01,DSPIC96_perc_diff_lag_1,0.5428033,0
2008-11-01,DSPIC96_perc_diff_lag_1,0.75669086,0
2008-12-01,DSPIC96_perc_diff_lag_1,-0.5023883,0
2009-01-01,DSPIC96_perc_diff_lag_1,0.35327163,0
2009-02-01,DSPIC96_perc_diff_lag_1,-1.0320449,0
2009-03-01,DSPIC96_perc_diff_lag_1,-0.029491907,0
2009-04-01,DSPIC96_perc_diff_lag_1,0.898188,0
2009-05-01,DSPIC96_perc_diff_lag_1,1.6556718,0
2009-06-01,DSPIC96_perc_diff_lag_1,-1.6515516,0
2009-07-01,DSPIC96_perc_diff_lag_1,-0.46369916,0
2009-08-01,DSPIC96_perc_diff_lag_1,-0.25496754,0
2009-09-01,DSPIC96_perc_diff_lag_1,0.1871704,0
2009-10-01,DSPIC96_perc_diff_lag_1,-0.42898917,0
2009-11-01,DSPIC96_perc_diff_lag_1,0.27448696,0
2009-12-01,DSPIC96_perc_diff_lag_1,0.5483256,0
2010-01-01,DSPIC96_perc_diff_lag_1,0.009473266,0
2010-02-01,DSPIC96_perc_diff_lag_1,-0.018944738,0
2010-03-01,DSPIC96_perc_diff_lag_1,0.32653892,0
2010-04-01,DSPIC96_perc_diff_lag_1,0.83302563,0
2010-05-01,DSPIC96_perc_diff_lag_1,0.8040029,0
2010-06-01,DSPIC96_perc_diff_lag_1,0.17657945,0
2010-07-01,DSPIC96_perc_diff_lag_1,0.16531372,0
2010-08-01,DSPIC96_perc_diff_lag_1,0.29049695,0
2010-09-01,DSPIC96_perc_diff_lag_1,-0.09823264,0
2010-10-01,DSPIC96_perc_diff_lag_1,0.14538872,0
2010-11-01,DSPIC96_perc_diff_lag_1,0.22070445,0
2010-12-01,DSPIC96_perc_diff_lag_1,0.705883,0
2011-01-01,DSPIC96_perc_diff_lag_1,0.41157737,0
2011-02-01,DSPIC96_perc_diff_lag_1,0.24676065,0
2011-03-01,DSPIC96_perc_diff_lag_1,-0.30480573,0
2011-04-01,DSPIC96_perc_diff_lag_1,-0.1847647,0
2011-05-01,DSPIC96_perc_diff_lag_1,-0.10293343,0
2011-06-01,DSPIC96_perc_diff_lag_1,0.46865198,0
2011-07-01,DSPIC96_perc_diff_lag_1,0.292783,0
2011-08-01,DSPIC96_perc_diff_lag_1,-0.1096845,0
2011-09-01,DSPIC96_perc_diff_lag_1,-0.18079117,0
2011-10-01,DSPIC96_perc_diff_lag_1,0.17863908,0
2011-11-01,DSPIC96_perc_diff_lag_1,-0.018986566,0
2011-12-01,DSPIC96_perc_diff_lag_1,0.90582716,0
2012-01-01,DSPIC96_perc_diff_lag_1,0.7430304,0
2012-02-01,DSPIC96_perc_diff_lag_1,0.60434073,0
2012-03-01,DSPIC96_perc_diff_lag_1,0.35444486,0
2012-04-01,DSPIC96_perc_diff_lag_1,0.38457358,0
2012-05-01,DSPIC96_perc_diff_lag_1,0.08335584,0
2012-06-01,DSPIC96_perc_diff_lag_1,0.08969125,0
2012-07-01,DSPIC96_perc_diff_lag_1,-0.7088784,0
2012-08-01,DSPIC96_perc_diff_lag_1,-0.38275278,0
2012-09-01,DSPIC96_perc_diff_lag_1,0.48452908,0
2012-10-01,DSPIC96_perc_diff_lag_1,0.75588965,0
2012-11-01,DSPIC96_perc_diff_lag_1,1.4117415,0
2012-12-01,DSPIC96_perc_diff_lag_1,2.5462668,0
2013-01-01,DSPIC96_perc_diff_lag_1,-5.758165,0
2013-02-01,DSPIC96_perc_diff_lag_1,-0.50216526,0
2013-03-01,DSPIC96_perc_diff_lag_1,0.15321498,0
2013-04-01,DSPIC96_perc_diff_lag_1,0.39267334,0
2013-05-01,DSPIC96_perc_diff_lag_1,0.57285184,0
2013-06-01,DSPIC96_perc_diff_lag_1,0.10370764,0
2013-07-01,DSPIC96_perc_diff_lag_1,-0.1092675,0
2013-08-01,DSPIC96_perc_diff_lag_1,0.22039619,0
2013-09-01,DSPIC96_perc_diff_lag_1,0.40424618,0
2013-10-01,DSPIC96_perc_diff_lag_1,-0.26331416,0
2013-11-01,DSPIC96_perc_diff_lag_1,0.31729215,0
2013-12-01,DSPIC96_perc_diff_lag_1,0.31387573,0
2014-01-01,DSPIC96_perc_diff_lag_1,0.5431528,0
2014-02-01,DSPIC96_perc_diff_lag_1,0.68624324,0
2014-03-01,DSPIC96_perc_diff_lag_1,0.596765,0
2014-04-01,DSPIC96_perc_diff_lag_1,0.25367868,0
2014-05-01,DSPIC96_perc_diff_lag_1,0.27582106,0
2014-06-01,DSPIC96_perc_diff_lag_1,0.40045598,0
2014-07-01,DSPIC96_perc_diff_lag_1,0.3364082,0
2014-08-01,DSPIC96_perc_diff_lag_1,0.4721987,0
2014-09-01,DSPIC96_perc_diff_lag_1,0.27022097,0
2014-10-01,DSPIC96_perc_diff_lag_1,0.39226437,0
2014-11-01,DSPIC96_perc_diff_lag_1,0.41765225,0
2014-12-01,DSPIC96_perc_diff_lag_1,0.6388142,0
2015-01-01,DSPIC96_perc_diff_lag_1,0.50613064,0
2015-02-01,DSPIC96_perc_diff_lag_1,0.34682631,0
2015-03-01,DSPIC96_perc_diff_lag_1,-0.21054992,0
2015-04-01,DSPIC96_perc_diff_lag_1,0.48097363,0
2015-05-01,DSPIC96_perc_diff_lag_1,0.33717272,0
2015-06-01,DSPIC96_perc_diff_lag_1,0.24827749,0
2015-07-01,DSPIC96_perc_diff_lag_1,0.2948072,0
2015-08-01,DSPIC96_perc_diff_lag_1,0.3163144,0
2015-09-01,DSPIC96_perc_diff_lag_1,0.1762542,0
2015-10-01,DSPIC96_perc_diff_lag_1,0.040091094,0
2015-11-01,DSPIC96_perc_diff_lag_1,-0.2077814,0
2015-12-01,DSPIC96_perc_diff_lag_1,0.31975728,0
2016-01-01,DSPIC96_perc_diff_lag_1,0.4136168,0
2016-02-01,DSPIC96_perc_diff_lag_1,0.11220755,0
2016-03-01,DSPIC96_perc_diff_lag_1,0.12387683,0
2016-04-01,DSPIC96_perc_diff_lag_1,-0.19589505,0
2016-05-01,DSPIC96_perc_diff_lag_1,-0.101094276,0
2016-06-01,DSPIC96_perc_diff_lag_1,-0.028067281,0
2016-07-01,DSPIC96_perc_diff_lag_1,0.2748494,0
2016-08-01,DSPIC96_perc_diff_lag_1,0.08695203,0
2016-09-01,DSPIC96_perc_diff_lag_1,0.2966842,0
2016-10-01,DSPIC96_perc_diff_lag_1,0.22607517,0
2016-11-01,DSPIC96_perc_diff_lag_1,0.24900216,0
2016-12-01,DSPIC96_perc_diff_lag_1,0.17971005,0
2017-01-01,DSPIC96_perc_diff_lag_1,0.43608508,0
2017-02-01,DSPIC96_perc_diff_lag_1,0.4356381,0
2017-03-01,DSPIC96_perc_diff_lag_1,0.48723993,0
2017-04-01,DSPIC96_perc_diff_lag_1,-0.17985223,0
2017-05-01,DSPIC96_perc_diff_lag_1,0.41224477,0
2017-06-01,DSPIC96_perc_diff_lag_1,-0.078237146,0
2017-07-01,DSPIC96_perc_diff_lag_1,0.28804582,0
2017-08-01,DSPIC96_perc_diff_lag_1,0.18765762,0
2017-09-01,DSPIC96_perc_diff_lag_1,0.15227306,0
2017-10-01,DSPIC96_perc_diff_lag_1,0.26839226,0
2017-11-01,DSPIC96_perc_diff_lag_1,0.09966683,0
2017-12-01,DSPIC96_perc_diff_lag_1,0.20909472,0
2018-01-01,DSPIC96_perc_diff_lag_1,0.67777604,0
2018-02-01,DSPIC96_perc_diff_lag_1,0.18892127,0
2018-03-01,DSPIC96_perc_diff_lag_1,0.34335834,0
2018-04-01,DSPIC96_perc_diff_lag_1,-0.011216435,0
2018-05-01,DSPIC96_perc_diff_lag_1,0.1023837,0
2018-06-01,DSPIC96_perc_diff_lag_1,0.26411238,0
2018-07-01,DSPIC96_perc_diff_lag_1,0.2096143,0
2018-08-01,DSPIC96_perc_diff_lag_1,0.3102775,0
2018-09-01,DSPIC96_perc_diff_lag_1,0.06534175,0
2018-10-01,DSPIC96_perc_diff_lag_1,0.3716336,0
2018-11-01,DSPIC96_perc_diff_lag_1,0.2823633,0
2018-12-01,DSPIC96_perc_diff_lag_1,1.0358698,0
2019-01-01,DSPIC96_perc_diff_lag_1,-0.15641356,0
2019-02-01,DSPIC96_perc_diff_lag_1,0.04104697,0
2000-01-01,RALACBM027SBOG_perc_diff_lag_1,5.780377,0
2000-02-01,RALACBM027SBOG_perc_diff_lag_1,-2.2199814,0
2000-03-01,RALACBM027SBOG_perc_diff_lag_1,5.497462,0
2000-04-01,RALACBM027SBOG_perc_diff_lag_1,0.39766347,0
2000-05-01,RALACBM027SBOG_perc_diff_lag_1,-4.65267,0
2000-06-01,RALACBM027SBOG_perc_diff_lag_1,6.475002,0
2000-07-01,RALACBM027SBOG_perc_diff_lag_1,-2.4438274,0
2000-08-01,RALACBM027SBOG_perc_diff_lag_1,-3.1319754,0
2000-09-01,RALACBM027SBOG_perc_diff_lag_1,7.1608334,0
2000-10-01,RALACBM027SBOG_perc_diff_lag_1,9.727254,0
2000-11-01,RALACBM027SBOG_perc_diff_lag_1,6.08408,0
2000-12-01,RALACBM027SBOG_perc_diff_lag_1,-6.244651,0
2001-01-01,RALACBM027SBOG_perc_diff_lag_1,5.437041,0
2001-02-01,RALACBM027SBOG_perc_diff_lag_1,-1.8280183,0
2001-03-01,RALACBM027SBOG_perc_diff_lag_1,1.5536991,0
2001-04-01,RALACBM027SBOG_perc_diff_lag_1,4.8721466,0
2001-05-01,RALACBM027SBOG_perc_diff_lag_1,-4.1627707,0
2001-06-01,RALACBM027SBOG_perc_diff_lag_1,0.6263116,0
2001-07-01,RALACBM027SBOG_perc_diff_lag_1,-1.2316943,0
2001-08-01,RALACBM027SBOG_perc_diff_lag_1,2.0001767,0
2001-09-01,RALACBM027SBOG_perc_diff_lag_1,2.3924944,0
2001-10-01,RALACBM027SBOG_perc_diff_lag_1,7.838867,0
2001-11-01,RALACBM027SBOG_perc_diff_lag_1,1.7933452,0
2001-12-01,RALACBM027SBOG_perc_diff_lag_1,-5.228141,0
2002-01-01,RALACBM027SBOG_perc_diff_lag_1,-0.14743845,0
2002-02-01,RALACBM027SBOG_perc_diff_lag_1,-0.818486,0
2002-03-01,RALACBM027SBOG_perc_diff_lag_1,-1.2163705,0
2002-04-01,RALACBM027SBOG_perc_diff_lag_1,3.488889,0
2002-05-01,RALACBM027SBOG_perc_diff_lag_1,-3.0267055,0
2002-06-01,RALACBM027SBOG_perc_diff_lag_1,4.575885,0
2002-07-01,RALACBM027SBOG_perc_diff_lag_1,-4.422405,0
2002-08-01,RALACBM027SBOG_perc_diff_lag_1,1.6396729,0
2002-09-01,RALACBM027SBOG_perc_diff_lag_1,5.3715525,0
2002-10-01,RALACBM027SBOG_perc_diff_lag_1,5.678346,0
2002-11-01,RALACBM027SBOG_perc_diff_lag_1,-0.39235806,0
2002-12-01,RALACBM027SBOG_perc_diff_lag_1,0.5119011,0
2003-01-01,RALACBM027SBOG_perc_diff_lag_1,-4.0381727,0
2003-02-01,RALACBM027SBOG_perc_diff_lag_1,5.284592,0
2003-03-01,RALACBM027SBOG_perc_diff_lag_1,-0.6553626,0
2003-04-01,RALACBM027SBOG_perc_diff_lag_1,7.085486,0
2003-05-01,RALACBM027SBOG_perc_diff_lag_1,1.9784456,0
2003-06-01,RALACBM027SBOG_perc_diff_lag_1,2.8407574,0
2003-07-01,RALACBM027SBOG_perc_diff_lag_1,-2.9083505,0
2003-08-01,RALACBM027SBOG_perc_diff_lag_1,-0.54803914,0
2003-09-01,RALACBM027SBOG_perc_diff_lag_1,2.608222,0
2003-10-01,RALACBM027SBOG_perc_diff_lag_1,0.9014826,0
2003-11-01,RALACBM027SBOG_perc_diff_lag_1,0.44792354,0
2003-12-01,RALACBM027SBOG_perc_diff_lag_1,3.7835238,0
2004-01-01,RALACBM027SBOG_perc_diff_lag_1,-1.3120743,0
2004-02-01,RALACBM027SBOG_perc_diff_lag_1,3.2598622,0
2004-03-01,RALACBM027SBOG_perc_diff_lag_1,-0.3830266,0
2004-04-01,RALACBM027SBOG_perc_diff_lag_1,12.151572,0
2004-05-01,RALACBM027SBOG_perc_diff_lag_1,-2.2561843,0
2004-06-01,RALACBM027SBOG_perc_diff_lag_1,-4.083439,0
2004-07-01,RALACBM027SBOG_perc_diff_lag_1,1.0369751,0
2004-08-01,RALACBM027SBOG_perc_diff_lag_1,4.1146274,0
2004-09-01,RALACBM027SBOG_perc_diff_lag_1,7.3824453,0
2004-10-01,RALACBM027SBOG_perc_diff_lag_1,3.5288565,0
2004-11-01,RALACBM027SBOG_perc_diff_lag_1,-1.7304415,0
2004-12-01,RALACBM027SBOG_perc_diff_lag_1,4.196451,0
2005-01-01,RALACBM027SBOG_perc_diff_lag_1,-0.66226256,0
2005-02-01,RALACBM027SBOG_perc_diff_lag_1,5.113386,0
2005-03-01,RALACBM027SBOG_perc_diff_lag_1,1.9861059,0
2005-04-01,RALACBM027SBOG_perc_diff_lag_1,2.5986333,0
2005-05-01,RALACBM027SBOG_perc_diff_lag_1,1.2752036,0
2005-06-01,RALACBM027SBOG_perc_diff_lag_1,1.4298692,0
2005-07-01,RALACBM027SBOG_perc_diff_lag_1,-2.8109498,0
2005-08-01,RALACBM027SBOG_perc_diff_lag_1,0.5369902,0
2005-09-01,RALACBM027SBOG_perc_diff_lag_1,3.9015102,0
2005-10-01,RALACBM027SBOG_perc_diff_lag_1,-0.3962208,0
2005-11-01,RALACBM027SBOG_perc_diff_lag_1,-0.80181634,0
2005-12-01,RALACBM027SBOG_perc_diff_lag_1,4.51669,0
2006-01-01,RALACBM027SBOG_perc_diff_lag_1,0.35119128,0
2006-02-01,RALACBM027SBOG_perc_diff_lag_1,0.6135211,0
2006-03-01,RALACBM027SBOG_perc_diff_lag_1,2.7442715,0
2006-04-01,RALACBM027SBOG_perc_diff_lag_1,1.0315336,0
2006-05-01,RALACBM027SBOG_perc_diff_lag_1,2.3663378,0
2006-06-01,RALACBM027SBOG_perc_diff_lag_1,-1.4599162,0
2006-07-01,RALACBM027SBOG_perc_diff_lag_1,-1.8964646,0
2006-08-01,RALACBM027SBOG_perc_diff_lag_1,-0.6675351,0
2006-09-01,RALACBM027SBOG_perc_diff_lag_1,7.6033745,0
2006-10-01,RALACBM027SBOG_perc_diff_lag_1,5.5161633,0
2006-11-01,RALACBM027SBOG_perc_diff_lag_1,-1.7815113,0
2006-12-01,RALACBM027SBOG_perc_diff_lag_1,6.221303,0
2007-01-01,RALACBM027SBOG_perc_diff_lag_1,2.0886683,0
2007-02-01,RALACBM027SBOG_perc_diff_lag_1,-1.4463854,0
2007-03-01,RALACBM027SBOG_perc_diff_lag_1,-0.6727709,0
2007-04-01,RALACBM027SBOG_perc_diff_lag_1,-1.3517358,0
2007-05-01,RALACBM027SBOG_perc_diff_lag_1,2.5067663,0
2007-06-01,RALACBM027SBOG_perc_diff_lag_1,-3.3110065,0
2007-07-01,RALACBM027SBOG_perc_diff_lag_1,0.1483906,0
2007-08-01,RALACBM027SBOG_perc_diff_lag_1,-0.15837263,0
2007-09-01,RALACBM027SBOG_perc_diff_lag_1,7.890169,0
2007-10-01,RALACBM027SBOG_perc_diff_lag_1,1.4267657,0
2007-11-01,RALACBM027SBOG_perc_diff_lag_1,-0.82928765,0
2007-12-01,RALACBM027SBOG_perc_diff_lag_1,4.552626,0
2008-01-01,RALACBM027SBOG_perc_diff_lag_1,5.711268,0
2008-02-01,RALACBM027SBOG_perc_diff_lag_1,-2.2707636,0
2008-03-01,RALACBM027SBOG_perc_diff_lag_1,-0.71042204,0
2008-04-01,RALACBM027SBOG_perc_diff_lag_1,-1.3957555,0
2008-05-01,RALACBM027SBOG_perc_diff_lag_1,1.8901275,0
2008-06-01,RALACBM027SBOG_perc_diff_lag_1,-4.641091,0
2008-07-01,RALACBM027SBOG_perc_diff_lag_1,0.3454523,0
2008-08-01,RALACBM027SBOG_perc_diff_lag_1,-3.9574053,0
2008-09-01,RALACBM027SBOG_perc_diff_lag_1,4.960903,0
2008-10-01,RALACBM027SBOG_perc_diff_lag_1,2.2042155,0
2008-11-01,RALACBM027SBOG_perc_diff_lag_1,-4.01264,0
2008-12-01,RALACBM027SBOG_perc_diff_lag_1,7.956643,0
2009-01-01,RALACBM027SBOG_perc_diff_lag_1,1.8367927,0
2009-02-01,RALACBM027SBOG_perc_diff_lag_1,2.7266283,0
2009-03-01,RALACBM027SBOG_perc_diff_lag_1,1.1274382,0
2009-04-01,RALACBM027SBOG_perc_diff_lag_1,-0.180115,0
2009-05-01,RALACBM027SBOG_perc_diff_lag_1,1.2713766,0
2009-06-01,RALACBM027SBOG_perc_diff_lag_1,-3.6230688,0
2009-07-01,RALACBM027SBOG_perc_diff_lag_1,2.4445891,0
2009-08-01,RALACBM027SBOG_perc_diff_lag_1,-2.2203305,0
2009-09-01,RALACBM027SBOG_perc_diff_lag_1,3.4165308,0
2009-10-01,RALACBM027SBOG_perc_diff_lag_1,5.743415,0
2009-11-01,RALACBM027SBOG_perc_diff_lag_1,-0.27608168,0
2009-12-01,RALACBM027SBOG_perc_diff_lag_1,5.8626227,0
2010-01-01,RALACBM027SBOG_perc_diff_lag_1,38.139576,0
2010-02-01,RALACBM027SBOG_perc_diff_lag_1,0.7564719,0
2010-03-01,RALACBM027SBOG_perc_diff_lag_1,-2.8328755,0
2010-04-01,RALACBM027SBOG_perc_diff_lag_1,0.30029905,0
2010-05-01,RALACBM027SBOG_perc_diff_lag_1,0.6854558,0
2010-06-01,RALACBM027SBOG_perc_diff_lag_1,-1.3426938,0
2010-07-01,RALACBM027SBOG_perc_diff_lag_1,-0.6747098,0
2010-08-01,RALACBM027SBOG_perc_diff_lag_1,-0.27555296,0
2010-09-01,RALACBM027SBOG_perc_diff_lag_1,0.21787293,0
2010-10-01,RALACBM027SBOG_perc_diff_lag_1,2.1652074,0
2010-11-01,RALACBM027SBOG_perc_diff_lag_1,1.0283332,0
2010-12-01,RALACBM027SBOG_perc_diff_lag_1,-0.42218062,0
2011-01-01,RALACBM027SBOG_perc_diff_lag_1,2.9187803,0
2011-02-01,RALACBM027SBOG_perc_diff_lag_1,0.22893162,0
2011-03-01,RALACBM027SBOG_perc_diff_lag_1,-2.0932915,0
2011-04-01,RALACBM027SBOG_perc_diff_lag_1,1.845699,0
2011-05-01,RALACBM027SBOG_perc_diff_lag_1,0.75229174,0
2011-06-01,RALACBM027SBOG_perc_diff_lag_1,0.85093707,0
2011-07-01,RALACBM027SBOG_perc_diff_lag_1,-2.848221,0
2011-08-01,RALACBM027SBOG_perc_diff_lag_1,1.272265,0
2011-09-01,RALACBM027SBOG_perc_diff_lag_1,0.72440773,0
2011-10-01,RALACBM027SBOG_perc_diff_lag_1,0.65958446,0
2011-11-01,RALACBM027SBOG_perc_diff_lag_1,0.8598279,0
2011-12-01,RALACBM027SBOG_perc_diff_lag_1,0.20858221,0
2012-01-01,RALACBM027SBOG_perc_diff_lag_1,1.606606,0
2012-02-01,RALACBM027SBOG_perc_diff_lag_1,2.890525,0
2012-03-01,RALACBM027SBOG_perc_diff_lag_1,-1.8424821,0
2012-04-01,RALACBM027SBOG_perc_diff_lag_1,-0.45133203,0
2012-05-01,RALACBM027SBOG_perc_diff_lag_1,-0.47143838,0
2012-06-01,RALACBM027SBOG_perc_diff_lag_1,0.43420234,0
2012-07-01,RALACBM027SBOG_perc_diff_lag_1,0.44247377,0
2012-08-01,RALACBM027SBOG_perc_diff_lag_1,-0.36827254,0
2012-09-01,RALACBM027SBOG_perc_diff_lag_1,1.2721031,0
2012-10-01,RALACBM027SBOG_perc_diff_lag_1,1.2770981,0
2012-11-01,RALACBM027SBOG_perc_diff_lag_1,1.6568086,0
2012-12-01,RALACBM027SBOG_perc_diff_lag_1,-0.0962239,0
2013-01-01,RALACBM027SBOG_perc_diff_lag_1,-0.72878814,0
2013-02-01,RALACBM027SBOG_perc_diff_lag_1,1.7615924,0
2013-03-01,RALACBM027SBOG_perc_diff_lag_1,-1.835352,0
2013-04-01,RALACBM027SBOG_perc_diff_lag_1,1.3552315,0
2013-05-01,RALACBM027SBOG_perc_diff_lag_1,-1.022527,0
2013-06-01,RALACBM027SBOG_perc_diff_lag_1,-0.3698901,0
2013-07-01,RALACBM027SBOG_perc_diff_lag_1,-0.91381514,0
2013-08-01,RALACBM027SBOG_perc_diff_lag_1,-0.29209203,0
2013-09-01,RALACBM027SBOG_perc_diff_lag_1,1.1732748,0
2013-10-01,RALACBM027SBOG_perc_diff_lag_1,0.5856361,0
2013-11-01,RALACBM027SBOG_perc_diff_lag_1,0.50221175,0
2013-12-01,RALACBM027SBOG_perc_diff_lag_1,2.6287384,0
2014-01-01,RALACBM027SBOG_perc_diff_lag_1,-0.44757703,0
2014-02-01,RALACBM027SBOG_perc_diff_lag_1,1.8123137,0
2014-03-01,RALACBM027SBOG_perc_diff_lag_1,-1.9321359,0
2014-04-01,RALACBM027SBOG_perc_diff_lag_1,0.7107662,0
2014-05-01,RALACBM027SBOG_perc_diff_lag_1,0.571859,0
2014-06-01,RALACBM027SBOG_perc_diff_lag_1,0.6087842,0
2014-07-01,RALACBM027SBOG_perc_diff_lag_1,0.37260094,0
2014-08-01,RALACBM027SBOG_perc_diff_lag_1,-0.10478644,0
2014-09-01,RALACBM027SBOG_perc_diff_lag_1,1.2441478,0
2014-10-01,RALACBM027SBOG_perc_diff_lag_1,0.2790844,0
2014-11-01,RALACBM027SBOG_perc_diff_lag_1,-0.21468928,0
2014-12-01,RALACBM027SBOG_perc_diff_lag_1,3.2270236,0
2015-01-01,RALACBM027SBOG_perc_diff_lag_1,0.037913654,0
2015-02-01,RALACBM027SBOG_perc_diff_lag_1,1.1727563,0
2015-03-01,RALACBM027SBOG_perc_diff_lag_1,-0.9941176,0
2015-04-01,RALACBM027SBOG_perc_diff_lag_1,0.27697033,0
2015-05-01,RALACBM027SBOG_perc_diff_lag_1,0.7601221,0
2015-06-01,RALACBM027SBOG_perc_diff_lag_1,-0.97358435,0
2015-07-01,RALACBM027SBOG_perc_diff_lag_1,1.0429287,0
2015-08-01,RALACBM027SBOG_perc_diff_lag_1,-0.3916283,0
2015-09-01,RALACBM027SBOG_perc_diff_lag_1,1.2192379,0
2015-10-01,RALACBM027SBOG_perc_diff_lag_1,0.25904647,0
2015-11-01,RALACBM027SBOG_perc_diff_lag_1,-0.1221045,0
2015-12-01,RALACBM027SBOG_perc_diff_lag_1,2.7661788,0
2016-01-01,RALACBM027SBOG_perc_diff_lag_1,-0.10979581,0
2016-02-01,RALACBM027SBOG_perc_diff_lag_1,1.11416,0
2016-03-01,RALACBM027SBOG_perc_diff_lag_1,-0.91670936,0
2016-04-01,RALACBM027SBOG_perc_diff_lag_1,-1.0331935,0
2016-05-01,RALACBM027SBOG_perc_diff_lag_1,1.2141501,0
2016-06-01,RALACBM027SBOG_perc_diff_lag_1,-0.7061119,0
2016-07-01,RALACBM027SBOG_perc_diff_lag_1,1.1713191,0
2016-08-01,RALACBM027SBOG_perc_diff_lag_1,-1.1645348,0
2016-09-01,RALACBM027SBOG_perc_diff_lag_1,1.5711659,0
2016-10-01,RALACBM027SBOG_perc_diff_lag_1,0.4474336,0
2016-11-01,RALACBM027SBOG_perc_diff_lag_1,-0.82594913,0
2016-12-01,RALACBM027SBOG_perc_diff_lag_1,1.9663538,0
2017-01-01,RALACBM027SBOG_perc_diff_lag_1,0.14834371,0
2017-02-01,RALACBM027SBOG_perc_diff_lag_1,0.72996825,0
2017-03-01,RALACBM027SBOG_perc_diff_lag_1,0.29626083,0
2017-04-01,RALACBM027SBOG_perc_diff_lag_1,-1.1293347,0
2017-05-01,RALACBM027SBOG_perc_diff_lag_1,0.8523233,0
2017-06-01,RALACBM027SBOG_perc_diff_lag_1,-0.51594245,0
2017-07-01,RALACBM027SBOG_perc_diff_lag_1,0.96700877,0
2017-08-01,RALACBM027SBOG_perc_diff_lag_1,-0.61452895,0
2017-09-01,RALACBM027SBOG_perc_diff_lag_1,1.3596212,0
2017-10-01,RALACBM027SBOG_perc_diff_lag_1,0.09212666,0
2017-11-01,RALACBM027SBOG_perc_diff_lag_1,0.4567092,0
2017-12-01,RALACBM027SBOG_perc_diff_lag_1,2.468212,0
2018-01-01,RALACBM027SBOG_perc_diff_lag_1,-1.1018537,0
2018-02-01,RALACBM027SBOG_perc_diff_lag_1,-0.6653664,0
2018-03-01,RALACBM027SBOG_perc_diff_lag_1,0.52554137,0
2018-04-01,RALACBM027SBOG_perc_diff_lag_1,-0.9851887,0
2018-05-01,RALACBM027SBOG_perc_diff_lag_1,0.21682726,0
2018-06-01,RALACBM027SBOG_perc_diff_lag_1,-0.4147889,0
2018-07-01,RALACBM027SBOG_perc_diff_lag_1,0.9679717,0
2018-08-01,RALACBM027SBOG_perc_diff_lag_1,-0.33894473,0
2018-09-01,RALACBM027SBOG_perc_diff_lag_1,0.9284208,0
2018-10-01,RALACBM027SBOG_perc_diff_lag_1,0.13698012,0
2018-11-01,RALACBM027SBOG_perc_diff_lag_1,0.8252523,0
2018-12-01,RALACBM027SBOG_perc_diff_lag_1,1.082807,0
2019-01-01,RALACBM027SBOG_perc_diff_lag_1,0.9831426,0
2019-02-01,RALACBM027SBOG_perc_diff_lag_1,1.1200675,0
2000-01-01,CAPX4HTMVS_perc_diff_lag_1,0.1762906,0
2000-02-01,CAPX4HTMVS_perc_diff_lag_1,0.16939019,0
2000-03-01,CAPX4HTMVS_perc_diff_lag_1,0.16186678,0
2000-04-01,CAPX4HTMVS_perc_diff_lag_1,0.15365632,0
2000-05-01,CAPX4HTMVS_perc_diff_lag_1,0.14686224,0
2000-06-01,CAPX4HTMVS_perc_diff_lag_1,0.14038675,0
2000-07-01,CAPX4HTMVS_perc_diff_lag_1,0.13307403,0
2000-08-01,CAPX4HTMVS_perc_diff_lag_1,0.1263774,0
2000-09-01,CAPX4HTMVS_perc_diff_lag_1,0.1196179,0
2000-10-01,CAPX4HTMVS_perc_diff_lag_1,0.112960175,0
2000-11-01,CAPX4HTMVS_perc_diff_lag_1,0.106259085,0
2000-12-01,CAPX4HTMVS_perc_diff_lag_1,0.09942538,0
2001-01-01,CAPX4HTMVS_perc_diff_lag_1,0.09298663,0
2001-02-01,CAPX4HTMVS_perc_diff_lag_1,0.08611527,0
2001-03-01,CAPX4HTMVS_perc_diff_lag_1,0.07978943,0
2001-04-01,CAPX4HTMVS_perc_diff_lag_1,0.07374254,0
2001-05-01,CAPX4HTMVS_perc_diff_lag_1,0.06787389,0
2001-06-01,CAPX4HTMVS_perc_diff_lag_1,0.061853036,0
2001-07-01,CAPX4HTMVS_perc_diff_lag_1,0.055076744,0
2001-08-01,CAPX4HTMVS_perc_diff_lag_1,0.04814783,0
2001-09-01,CAPX4HTMVS_perc_diff_lag_1,0.040813476,0
2001-10-01,CAPX4HTMVS_perc_diff_lag_1,0.033554267,0
2001-11-01,CAPX4HTMVS_perc_diff_lag_1,0.02631382,0
2001-12-01,CAPX4HTMVS_perc_diff_lag_1,0.018915601,0
2002-01-01,CAPX4HTMVS_perc_diff_lag_1,0.014320665,0
2002-02-01,CAPX4HTMVS_perc_diff_lag_1,0.0071702376,0
2002-03-01,CAPX4HTMVS_perc_diff_lag_1,0.0,0
2002-04-01,CAPX4HTMVS_perc_diff_lag_1,-0.007595972,0
2002-05-01,CAPX4HTMVS_perc_diff_lag_1,-0.015761472,0
2002-06-01,CAPX4HTMVS_perc_diff_lag_1,-0.02464075,0
2002-07-01,CAPX4HTMVS_perc_diff_lag_1,-0.034116276,0
2002-08-01,CAPX4HTMVS_perc_diff_lag_1,-0.044585064,0
2002-09-01,CAPX4HTMVS_perc_diff_lag_1,-0.055581097,0
2002-10-01,CAPX4HTMVS_perc_diff_lag_1,-0.06680229,0
2002-11-01,CAPX4HTMVS_perc_diff_lag_1,-0.078340545,0
2002-12-01,CAPX4HTMVS_perc_diff_lag_1,-0.08889577,0
2003-01-01,CAPX4HTMVS_perc_diff_lag_1,-0.099115826,0
2003-02-01,CAPX4HTMVS_perc_diff_lag_1,-0.10814574,0
2003-03-01,CAPX4HTMVS_perc_diff_lag_1,-0.11661019,0
2003-04-01,CAPX4HTMVS_perc_diff_lag_1,-0.123683065,0
2003-05-01,CAPX4HTMVS_perc_diff_lag_1,-0.1290397,0
2003-06-01,CAPX4HTMVS_perc_diff_lag_1,-0.13281605,0
2003-07-01,CAPX4HTMVS_perc_diff_lag_1,-0.13343482,0
2003-08-01,CAPX4HTMVS_perc_diff_lag_1,-0.13259484,0
2003-09-01,CAPX4HTMVS_perc_diff_lag_1,-0.12950149,0
2003-10-01,CAPX4HTMVS_perc_diff_lag_1,-0.12537484,0
2003-11-01,CAPX4HTMVS_perc_diff_lag_1,-0.11942118,0
2003-12-01,CAPX4HTMVS_perc_diff_lag_1,-0.112277545,0
2004-01-01,CAPX4HTMVS_perc_diff_lag_1,-0.104151376,0
2004-02-01,CAPX4HTMVS_perc_diff_lag_1,-0.09395883,0
2004-03-01,CAPX4HTMVS_perc_diff_lag_1,-0.08329002,0
2004-04-01,CAPX4HTMVS_perc_diff_lag_1,-0.07180036,0
2004-05-01,CAPX4HTMVS_perc_diff_lag_1,-0.059043996,0
2004-06-01,CAPX4HTMVS_perc_diff_lag_1,-0.04535755,0
2004-07-01,CAPX4HTMVS_perc_diff_lag_1,-0.030945739,0
2004-08-01,CAPX4HTMVS_perc_diff_lag_1,-0.01599246,0
2004-09-01,CAPX4HTMVS_perc_diff_lag_1,0.0015446555,0
2004-10-01,CAPX4HTMVS_perc_diff_lag_1,0.018636316,0
2004-11-01,CAPX4HTMVS_perc_diff_lag_1,0.03607945,0
2004-12-01,CAPX4HTMVS_perc_diff_lag_1,0.052130774,0
2005-01-01,CAPX4HTMVS_perc_diff_lag_1,0.06660541,0
2005-02-01,CAPX4HTMVS_perc_diff_lag_1,0.08391366,0
2005-03-01,CAPX4HTMVS_perc_diff_lag_1,0.097162224,0
2005-04-01,CAPX4HTMVS_perc_diff_lag_1,0.10687173,0
2005-05-01,CAPX4HTMVS_perc_diff_lag_1,0.11689638,0
2005-06-01,CAPX4HTMVS_perc_diff_lag_1,0.12537333,0
2005-07-01,CAPX4HTMVS_perc_diff_lag_1,0.13067359,0
2005-08-01,CAPX4HTMVS_perc_diff_lag_1,0.13320036,0
2005-09-01,CAPX4HTMVS_perc_diff_lag_1,0.1337437,0
2005-10-01,CAPX4HTMVS_perc_diff_lag_1,0.13225876,0
2005-11-01,CAPX4HTMVS_perc_diff_lag_1,0.12918743,0
2005-12-01,CAPX4HTMVS_perc_diff_lag_1,0.12482496,0
2006-01-01,CAPX4HTMVS_perc_diff_lag_1,0.12025822,0
2006-02-01,CAPX4HTMVS_perc_diff_lag_1,0.11477172,0
2006-03-01,CAPX4HTMVS_perc_diff_lag_1,0.11025037,0
2006-04-01,CAPX4HTMVS_perc_diff_lag_1,0.10666716,0
2006-05-01,CAPX4HTMVS_perc_diff_lag_1,0.10496168,0
2006-06-01,CAPX4HTMVS_perc_diff_lag_1,0.104643255,0
2006-07-01,CAPX4HTMVS_perc_diff_lag_1,0.10424904,0
2006-08-01,CAPX4HTMVS_perc_diff_lag_1,0.106362045,0
2006-09-01,CAPX4HTMVS_perc_diff_lag_1,0.10955053,0
2006-10-01,CAPX4HTMVS_perc_diff_lag_1,0.11443207,0
2006-11-01,CAPX4HTMVS_perc_diff_lag_1,0.12001688,0
2006-12-01,CAPX4HTMVS_perc_diff_lag_1,0.12509151,0
2007-01-01,CAPX4HTMVS_perc_diff_lag_1,0.12992959,0
2007-02-01,CAPX4HTMVS_perc_diff_lag_1,0.13509661,0
2007-03-01,CAPX4HTMVS_perc_diff_lag_1,0.13861495,0
2007-04-01,CAPX4HTMVS_perc_diff_lag_1,0.13948512,0
2007-05-01,CAPX4HTMVS_perc_diff_lag_1,0.13830602,0
2007-06-01,CAPX4HTMVS_perc_diff_lag_1,0.13421363,0
2007-07-01,CAPX4HTMVS_perc_diff_lag_1,0.12533487,0
2007-08-01,CAPX4HTMVS_perc_diff_lag_1,0.11253406,0
2007-09-01,CAPX4HTMVS_perc_diff_lag_1,0.09652623,0
2007-10-01,CAPX4HTMVS_perc_diff_lag_1,0.07796402,0
2007-11-01,CAPX4HTMVS_perc_diff_lag_1,0.05684747,0
2007-12-01,CAPX4HTMVS_perc_diff_lag_1,0.034783047,0
2008-01-01,CAPX4HTMVS_perc_diff_lag_1,0.012166612,0
2008-02-01,CAPX4HTMVS_perc_diff_lag_1,-0.011037736,0
2008-03-01,CAPX4HTMVS_perc_diff_lag_1,-0.033503443,0
2008-04-01,CAPX4HTMVS_perc_diff_lag_1,-0.054558016,0
2008-05-01,CAPX4HTMVS_perc_diff_lag_1,-0.073256634,0
2008-06-01,CAPX4HTMVS_perc_diff_lag_1,-0.09029347,0
2008-07-01,CAPX4HTMVS_perc_diff_lag_1,-0.10490829,0
2008-08-01,CAPX4HTMVS_perc_diff_lag_1,-0.11851083,0
2008-09-01,CAPX4HTMVS_perc_diff_lag_1,-0.13116719,0
2008-10-01,CAPX4HTMVS_perc_diff_lag_1,-0.14231592,0
2008-11-01,CAPX4HTMVS_perc_diff_lag_1,-0.15243979,0
2008-12-01,CAPX4HTMVS_perc_diff_lag_1,-0.16026822,0
2009-01-01,CAPX4HTMVS_perc_diff_lag_1,-0.16679847,0
2009-02-01,CAPX4HTMVS_perc_diff_lag_1,-0.17312147,0
2009-03-01,CAPX4HTMVS_perc_diff_lag_1,-0.17791922,0
2009-04-01,CAPX4HTMVS_perc_diff_lag_1,-0.1808873,0
2009-05-01,CAPX4HTMVS_perc_diff_lag_1,-0.18514957,0
2009-06-01,CAPX4HTMVS_perc_diff_lag_1,-0.18943477,0
2009-07-01,CAPX4HTMVS_perc_diff_lag_1,-0.19116558,0
2009-08-01,CAPX4HTMVS_perc_diff_lag_1,-0.19326831,0
2009-09-01,CAPX4HTMVS_perc_diff_lag_1,-0.19629656,0
2009-10-01,CAPX4HTMVS_perc_diff_lag_1,-0.20074318,0
2009-11-01,CAPX4HTMVS_perc_diff_lag_1,-0.20614442,0
2009-12-01,CAPX4HTMVS_perc_diff_lag_1,-0.21122348,0
2010-01-01,CAPX4HTMVS_perc_diff_lag_1,-0.21696651,0
2010-02-01,CAPX4HTMVS_perc_diff_lag_1,-0.22372487,0
2010-03-01,CAPX4HTMVS_perc_diff_lag_1,-0.2301369,0
2010-04-01,CAPX4HTMVS_perc_diff_lag_1,-0.23499341,0
2010-05-01,CAPX4HTMVS_perc_diff_lag_1,-0.23943461,0
2010-06-01,CAPX4HTMVS_perc_diff_lag_1,-0.2425137,0
2010-07-01,CAPX4HTMVS_perc_diff_lag_1,-0.24141458,0
2010-08-01,CAPX4HTMVS_perc_diff_lag_1,-0.2389518,0
2010-09-01,CAPX4HTMVS_perc_diff_lag_1,-0.23300834,0
2010-10-01,CAPX4HTMVS_perc_diff_lag_1,-0.22516197,0
2010-11-01,CAPX4HTMVS_perc_diff_lag_1,-0.21448773,0
2010-12-01,CAPX4HTMVS_perc_diff_lag_1,-0.20092937,0
2011-01-01,CAPX4HTMVS_perc_diff_lag_1,-0.18583705,0
2011-02-01,CAPX4HTMVS_perc_diff_lag_1,-0.16715887,0
2011-03-01,CAPX4HTMVS_perc_diff_lag_1,-0.14800481,0
2011-04-01,CAPX4HTMVS_perc_diff_lag_1,-0.12709847,0
2011-05-01,CAPX4HTMVS_perc_diff_lag_1,-0.104304686,0
2011-06-01,CAPX4HTMVS_perc_diff_lag_1,-0.07985921,0
2011-07-01,CAPX4HTMVS_perc_diff_lag_1,-0.053381734,0
2011-08-01,CAPX4HTMVS_perc_diff_lag_1,-0.027764117,0
2011-09-01,CAPX4HTMVS_perc_diff_lag_1,-0.004525012,0
2011-10-01,CAPX4HTMVS_perc_diff_lag_1,0.016143395,0
2011-11-01,CAPX4HTMVS_perc_diff_lag_1,0.034411423,0
2011-12-01,CAPX4HTMVS_perc_diff_lag_1,0.049395457,0
2012-01-01,CAPX4HTMVS_perc_diff_lag_1,0.061966907,0
2012-02-01,CAPX4HTMVS_perc_diff_lag_1,0.07067693,0
2012-03-01,CAPX4HTMVS_perc_diff_lag_1,0.076945305,0
2012-04-01,CAPX4HTMVS_perc_diff_lag_1,0.080260955,0
2012-05-01,CAPX4HTMVS_perc_diff_lag_1,0.079909846,0
2012-06-01,CAPX4HTMVS_perc_diff_lag_1,0.07630472,0
2012-07-01,CAPX4HTMVS_perc_diff_lag_1,0.07039463,0
2012-08-01,CAPX4HTMVS_perc_diff_lag_1,0.06487497,0
2012-09-01,CAPX4HTMVS_perc_diff_lag_1,0.05884024,0
2012-10-01,CAPX4HTMVS_perc_diff_lag_1,0.051684957,0
2012-11-01,CAPX4HTMVS_perc_diff_lag_1,0.043124706,0
2012-12-01,CAPX4HTMVS_perc_diff_lag_1,0.03374267,0
2013-01-01,CAPX4HTMVS_perc_diff_lag_1,0.023571948,0
2013-02-01,CAPX4HTMVS_perc_diff_lag_1,0.012268219,0
2013-03-01,CAPX4HTMVS_perc_diff_lag_1,0.0010383916,0
2013-04-01,CAPX4HTMVS_perc_diff_lag_1,-0.009117212,0
2013-05-01,CAPX4HTMVS_perc_diff_lag_1,-0.01750573,0
2013-06-01,CAPX4HTMVS_perc_diff_lag_1,-0.023934774,0
2013-07-01,CAPX4HTMVS_perc_diff_lag_1,-0.027753633,0
2013-08-01,CAPX4HTMVS_perc_diff_lag_1,-0.028663494,0
2013-09-01,CAPX4HTMVS_perc_diff_lag_1,-0.029494168,0
2013-10-01,CAPX4HTMVS_perc_diff_lag_1,-0.029285768,0
2013-11-01,CAPX4HTMVS_perc_diff_lag_1,-0.029362926,0
2013-12-01,CAPX4HTMVS_perc_diff_lag_1,-0.028925661,0
2014-01-01,CAPX4HTMVS_perc_diff_lag_1,-0.028247848,0
2014-02-01,CAPX4HTMVS_perc_diff_lag_1,-0.030063286,0
2014-03-01,CAPX4HTMVS_perc_diff_lag_1,-0.030747468,0
2014-04-01,CAPX4HTMVS_perc_diff_lag_1,-0.030985856,0
2014-05-01,CAPX4HTMVS_perc_diff_lag_1,-0.03406409,0
2014-06-01,CAPX4HTMVS_perc_diff_lag_1,-0.038886387,0
2014-07-01,CAPX4HTMVS_perc_diff_lag_1,-0.04528388,0
2014-08-01,CAPX4HTMVS_perc_diff_lag_1,-0.05401678,0
2014-09-01,CAPX4HTMVS_perc_diff_lag_1,-0.06321039,0
2014-10-01,CAPX4HTMVS_perc_diff_lag_1,-0.07138765,0
2014-11-01,CAPX4HTMVS_perc_diff_lag_1,-0.0783528,0
2014-12-01,CAPX4HTMVS_perc_diff_lag_1,-0.08309243,0
2015-01-01,CAPX4HTMVS_perc_diff_lag_1,-0.086014494,0
2015-02-01,CAPX4HTMVS_perc_diff_lag_1,-0.086929046,0
2015-03-01,CAPX4HTMVS_perc_diff_lag_1,-0.08534525,0
2015-04-01,CAPX4HTMVS_perc_diff_lag_1,-0.08027415,0
2015-05-01,CAPX4HTMVS_perc_diff_lag_1,-0.071785346,0
2015-06-01,CAPX4HTMVS_perc_diff_lag_1,-0.0596504,0
2015-07-01,CAPX4HTMVS_perc_diff_lag_1,-0.04386297,0
2015-08-01,CAPX4HTMVS_perc_diff_lag_1,-0.026294641,0
2015-09-01,CAPX4HTMVS_perc_diff_lag_1,-0.0092414,0
2015-10-01,CAPX4HTMVS_perc_diff_lag_1,0.007877315,0
2015-11-01,CAPX4HTMVS_perc_diff_lag_1,0.024485996,0
2015-12-01,CAPX4HTMVS_perc_diff_lag_1,0.039639797,0
2016-01-01,CAPX4HTMVS_perc_diff_lag_1,0.05393407,0
2016-02-01,CAPX4HTMVS_perc_diff_lag_1,0.06518046,0
2016-03-01,CAPX4HTMVS_perc_diff_lag_1,0.07513614,0
2016-04-01,CAPX4HTMVS_perc_diff_lag_1,0.082716905,0
2016-05-01,CAPX4HTMVS_perc_diff_lag_1,0.08626802,0
2016-06-01,CAPX4HTMVS_perc_diff_lag_1,0.08680407,0
2016-07-01,CAPX4HTMVS_perc_diff_lag_1,0.08370242,0
2016-08-01,CAPX4HTMVS_perc_diff_lag_1,0.07813664,0
2016-09-01,CAPX4HTMVS_perc_diff_lag_1,0.07017157,0
2016-10-01,CAPX4HTMVS_perc_diff_lag_1,0.06063954,0
2016-11-01,CAPX4HTMVS_perc_diff_lag_1,0.049783323,0
2016-12-01,CAPX4HTMVS_perc_diff_lag_1,0.038176127,0
2017-01-01,CAPX4HTMVS_perc_diff_lag_1,0.025322584,0
2017-02-01,CAPX4HTMVS_perc_diff_lag_1,0.013890088,0
2017-03-01,CAPX4HTMVS_perc_diff_lag_1,0.0028532604,0
2017-04-01,CAPX4HTMVS_perc_diff_lag_1,-0.007734521,0
2017-05-01,CAPX4HTMVS_perc_diff_lag_1,-0.015470238,0
2017-06-01,CAPX4HTMVS_perc_diff_lag_1,-0.021180315,0
2017-07-01,CAPX4HTMVS_perc_diff_lag_1,-0.02464682,0
2017-08-01,CAPX4HTMVS_perc_diff_lag_1,-0.025547279,0
2017-09-01,CAPX4HTMVS_perc_diff_lag_1,-0.023305807,0
2017-10-01,CAPX4HTMVS_perc_diff_lag_1,-0.019238656,0
2017-11-01,CAPX4HTMVS_perc_diff_lag_1,-0.013459324,0
2017-12-01,CAPX4HTMVS_perc_diff_lag_1,-0.0065526925,0
2018-01-01,CAPX4HTMVS_perc_diff_lag_1,0.0010558446,0
2018-02-01,CAPX4HTMVS_perc_diff_lag_1,0.011361686,0
2018-03-01,CAPX4HTMVS_perc_diff_lag_1,0.020976568,0
2018-04-01,CAPX4HTMVS_perc_diff_lag_1,0.030001214,0
2018-05-01,CAPX4HTMVS_perc_diff_lag_1,0.04021136,0
2018-06-01,CAPX4HTMVS_perc_diff_lag_1,0.050341446,0
2018-07-01,CAPX4HTMVS_perc_diff_lag_1,0.059781186,0
2018-08-01,CAPX4HTMVS_perc_diff_lag_1,0.068220004,0
2018-09-01,CAPX4HTMVS_perc_diff_lag_1,0.0757496,0
2018-10-01,CAPX4HTMVS_perc_diff_lag_1,0.082290605,0
2018-11-01,CAPX4HTMVS_perc_diff_lag_1,0.08783321,0
2018-12-01,CAPX4HTMVS_perc_diff_lag_1,0.091957286,0
2019-01-01,CAPX4HTMVS_perc_diff_lag_1,0.095374346,0
2019-02-01,CAPX4HTMVS_perc_diff_lag_1,0.09798404,0
2000-01-01,CAPX4HTMVS_diff_lag_2,0.49160767,0
2000-02-01,CAPX4HTMVS_diff_lag_2,0.47180176,0
2000-03-01,CAPX4HTMVS_diff_lag_2,0.45289612,0
2000-04-01,CAPX4HTMVS_diff_lag_2,0.4320984,0
2000-05-01,CAPX4HTMVS_diff_lag_2,0.41220093,0
2000-06-01,CAPX4HTMVS_diff_lag_2,0.3945923,0
2000-07-01,CAPX4HTMVS_diff_lag_2,0.3761902,0
2000-08-01,CAPX4HTMVS_diff_lag_2,0.35740662,0
2000-09-01,CAPX4HTMVS_diff_lag_2,0.3393097,0
2000-10-01,CAPX4HTMVS_diff_lag_2,0.3211975,0
2000-11-01,CAPX4HTMVS_diff_lag_2,0.3031006,0
2000-12-01,CAPX4HTMVS_diff_lag_2,0.2846985,0
2001-01-01,CAPX4HTMVS_diff_lag_2,0.26660156,0
2001-02-01,CAPX4HTMVS_diff_lag_2,0.24839783,0
2001-03-01,CAPX4HTMVS_diff_lag_2,0.2303009,0
2001-04-01,CAPX4HTMVS_diff_lag_2,0.21330261,0
2001-05-01,CAPX4HTMVS_diff_lag_2,0.19689941,0
2001-06-01,CAPX4HTMVS_diff_lag_2,0.18049622,0
2001-07-01,CAPX4HTMVS_diff_lag_2,0.16279602,0
2001-08-01,CAPX4HTMVS_diff_lag_2,0.14379883,0
2001-09-01,CAPX4HTMVS_diff_lag_2,0.12399292,0
2001-10-01,CAPX4HTMVS_diff_lag_2,0.10369873,0
2001-11-01,CAPX4HTMVS_diff_lag_2,0.08351135,0
2001-12-01,CAPX4HTMVS_diff_lag_2,0.06311035,0
2002-01-01,CAPX4HTMVS_diff_lag_2,0.04638672,0
2002-02-01,CAPX4HTMVS_diff_lag_2,0.02999878,0
2002-03-01,CAPX4HTMVS_diff_lag_2,0.010009766,0
2002-04-01,CAPX4HTMVS_diff_lag_2,-0.010604858,0
2002-05-01,CAPX4HTMVS_diff_lag_2,-0.032608032,0
2002-06-01,CAPX4HTMVS_diff_lag_2,-0.056396484,0
2002-07-01,CAPX4HTMVS_diff_lag_2,-0.08200073,0
2002-08-01,CAPX4HTMVS_diff_lag_2,-0.109802246,0
2002-09-01,CAPX4HTMVS_diff_lag_2,-0.13969421,0
2002-10-01,CAPX4HTMVS_diff_lag_2,-0.17059326,0
2002-11-01,CAPX4HTMVS_diff_lag_2,-0.20219421,0
2002-12-01,CAPX4HTMVS_diff_lag_2,-0.23280334,0
2003-01-01,CAPX4HTMVS_diff_lag_2,-0.26150513,0
2003-02-01,CAPX4HTMVS_diff_lag_2,-0.28800964,0
2003-03-01,CAPX4HTMVS_diff_lag_2,-0.31199646,0
2003-04-01,CAPX4HTMVS_diff_lag_2,-0.33319092,0
2003-05-01,CAPX4HTMVS_diff_lag_2,-0.3500061,0
2003-06-01,CAPX4HTMVS_diff_lag_2,-0.36219788,0
2003-07-01,CAPX4HTMVS_diff_lag_2,-0.36779785,0
2003-08-01,CAPX4HTMVS_diff_lag_2,-0.3670044,0
2003-09-01,CAPX4HTMVS_diff_lag_2,-0.36109924,0
2003-10-01,CAPX4HTMVS_diff_lag_2,-0.35069275,0
2003-11-01,CAPX4HTMVS_diff_lag_2,-0.33639526,0
2003-12-01,CAPX4HTMVS_diff_lag_2,-0.31800842,0
2004-01-01,CAPX4HTMVS_diff_lag_2,-0.29670715,0
2004-02-01,CAPX4HTMVS_diff_lag_2,-0.27130127,0
2004-03-01,CAPX4HTMVS_diff_lag_2,-0.24249268,0
2004-04-01,CAPX4HTMVS_diff_lag_2,-0.21199036,0
2004-05-01,CAPX4HTMVS_diff_lag_2,-0.17871094,0
2004-06-01,CAPX4HTMVS_diff_lag_2,-0.14250183,0
2004-07-01,CAPX4HTMVS_diff_lag_2,-0.10409546,0
2004-08-01,CAPX4HTMVS_diff_lag_2,-0.06401062,0
2004-09-01,CAPX4HTMVS_diff_lag_2,-0.019699097,0
2004-10-01,CAPX4HTMVS_diff_lag_2,0.027511597,0
2004-11-01,CAPX4HTMVS_diff_lag_2,0.07460022,0
2004-12-01,CAPX4HTMVS_diff_lag_2,0.12030029,0
2005-01-01,CAPX4HTMVS_diff_lag_2,0.16200256,0
2005-02-01,CAPX4HTMVS_diff_lag_2,0.20549011,0
2005-03-01,CAPX4HTMVS_diff_lag_2,0.24739075,0
2005-04-01,CAPX4HTMVS_diff_lag_2,0.27900696,0
2005-05-01,CAPX4HTMVS_diff_lag_2,0.30630493,0
2005-06-01,CAPX4HTMVS_diff_lag_2,0.33200073,0
2005-07-01,CAPX4HTMVS_diff_lag_2,0.3513031,0
2005-08-01,CAPX4HTMVS_diff_lag_2,0.36250305,0
2005-09-01,CAPX4HTMVS_diff_lag_2,0.36720276,0
2005-10-01,CAPX4HTMVS_diff_lag_2,0.36639404,0
2005-11-01,CAPX4HTMVS_diff_lag_2,0.3605957,0
2005-12-01,CAPX4HTMVS_diff_lag_2,0.35079956,0
2006-01-01,CAPX4HTMVS_diff_lag_2,0.3388977,0
2006-02-01,CAPX4HTMVS_diff_lag_2,0.32539368,0
2006-03-01,CAPX4HTMVS_diff_lag_2,0.3119049,0
2006-04-01,CAPX4HTMVS_diff_lag_2,0.30101013,0
2006-05-01,CAPX4HTMVS_diff_lag_2,0.2939911,0
2006-06-01,CAPX4HTMVS_diff_lag_2,0.29148865,0
2006-07-01,CAPX4HTMVS_diff_lag_2,0.290802,0
2006-08-01,CAPX4HTMVS_diff_lag_2,0.2935028,0
2006-09-01,CAPX4HTMVS_diff_lag_2,0.3012085,0
2006-10-01,CAPX4HTMVS_diff_lag_2,0.31280518,0
2006-11-01,CAPX4HTMVS_diff_lag_2,0.3277893,0
2006-12-01,CAPX4HTMVS_diff_lag_2,0.34309387,0
2007-01-01,CAPX4HTMVS_diff_lag_2,0.35740662,0
2007-02-01,CAPX4HTMVS_diff_lag_2,0.37190247,0
2007-03-01,CAPX4HTMVS_diff_lag_2,0.38459778,0
2007-04-01,CAPX4HTMVS_diff_lag_2,0.3912964,0
2007-05-01,CAPX4HTMVS_diff_lag_2,0.3914032,0
2007-06-01,CAPX4HTMVS_diff_lag_2,0.38450623,0
2007-07-01,CAPX4HTMVS_diff_lag_2,0.36669922,0
2007-08-01,CAPX4HTMVS_diff_lag_2,0.33650208,0
2007-09-01,CAPX4HTMVS_diff_lag_2,0.2960968,0
2007-10-01,CAPX4HTMVS_diff_lag_2,0.24739075,0
2007-11-01,CAPX4HTMVS_diff_lag_2,0.19129944,0
2007-12-01,CAPX4HTMVS_diff_lag_2,0.1301117,0
2008-01-01,CAPX4HTMVS_diff_lag_2,0.06669617,0
2008-02-01,CAPX4HTMVS_diff_lag_2,0.0016021729,0
2008-03-01,CAPX4HTMVS_diff_lag_2,-0.06329346,0
2008-04-01,CAPX4HTMVS_diff_lag_2,-0.12510681,0
2008-05-01,CAPX4HTMVS_diff_lag_2,-0.1815033,0
2008-06-01,CAPX4HTMVS_diff_lag_2,-0.23210144,0
2008-07-01,CAPX4HTMVS_diff_lag_2,-0.27679443,0
2008-08-01,CAPX4HTMVS_diff_lag_2,-0.3164978,0
2008-09-01,CAPX4HTMVS_diff_lag_2,-0.353302,0
2008-10-01,CAPX4HTMVS_diff_lag_2,-0.38650513,0
2008-11-01,CAPX4HTMVS_diff_lag_2,-0.41600037,0
2008-12-01,CAPX4HTMVS_diff_lag_2,-0.4406891,0
2009-01-01,CAPX4HTMVS_diff_lag_2,-0.46020508,0
2009-02-01,CAPX4HTMVS_diff_lag_2,-0.47750854,0
2009-03-01,CAPX4HTMVS_diff_lag_2,-0.4922943,0
2009-04-01,CAPX4HTMVS_diff_lag_2,-0.5023041,0
2009-05-01,CAPX4HTMVS_diff_lag_2,-0.5115051,0
2009-06-01,CAPX4HTMVS_diff_lag_2,-0.52249146,0
2009-07-01,CAPX4HTMVS_diff_lag_2,-0.52989197,0
2009-08-01,CAPX4HTMVS_diff_lag_2,-0.5342102,0
2009-09-01,CAPX4HTMVS_diff_lag_2,-0.54029846,0
2009-10-01,CAPX4HTMVS_diff_lag_2,-0.54959106,0
2009-11-01,CAPX4HTMVS_diff_lag_2,-0.5621033,0
2009-12-01,CAPX4HTMVS_diff_lag_2,-0.57540894,0
2010-01-01,CAPX4HTMVS_diff_lag_2,-0.58909607,0
2010-02-01,CAPX4HTMVS_diff_lag_2,-0.6049957,0
2010-03-01,CAPX4HTMVS_diff_lag_2,-0.6217041,0
2010-04-01,CAPX4HTMVS_diff_lag_2,-0.6356964,0
2010-05-01,CAPX4HTMVS_diff_lag_2,-0.64689636,0
2010-06-01,CAPX4HTMVS_diff_lag_2,-0.6555939,0
2010-07-01,CAPX4HTMVS_diff_lag_2,-0.65670776,0
2010-08-01,CAPX4HTMVS_diff_lag_2,-0.6502991,0
2010-09-01,CAPX4HTMVS_diff_lag_2,-0.63739014,0
2010-10-01,CAPX4HTMVS_diff_lag_2,-0.6173096,0
2010-11-01,CAPX4HTMVS_diff_lag_2,-0.5910034,0
2010-12-01,CAPX4HTMVS_diff_lag_2,-0.5572052,0
2011-01-01,CAPX4HTMVS_diff_lag_2,-0.5177002,0
2011-02-01,CAPX4HTMVS_diff_lag_2,-0.47158813,0
2011-03-01,CAPX4HTMVS_diff_lag_2,-0.42030334,0
2011-04-01,CAPX4HTMVS_diff_lag_2,-0.3663025,0
2011-05-01,CAPX4HTMVS_diff_lag_2,-0.30769348,0
2011-06-01,CAPX4HTMVS_diff_lag_2,-0.24459839,0
2011-07-01,CAPX4HTMVS_diff_lag_2,-0.17680359,0
2011-08-01,CAPX4HTMVS_diff_lag_2,-0.10760498,0
2011-09-01,CAPX4HTMVS_diff_lag_2,-0.042800903,0
2011-10-01,CAPX4HTMVS_diff_lag_2,0.015396118,0
2011-11-01,CAPX4HTMVS_diff_lag_2,0.06700134,0
2011-12-01,CAPX4HTMVS_diff_lag_2,0.11109924,0
2012-01-01,CAPX4HTMVS_diff_lag_2,0.14768982,0
2012-02-01,CAPX4HTMVS_diff_lag_2,0.17601013,0
2012-03-01,CAPX4HTMVS_diff_lag_2,0.1960144,0
2012-04-01,CAPX4HTMVS_diff_lag_2,0.20889282,0
2012-05-01,CAPX4HTMVS_diff_lag_2,0.21299744,0
2012-06-01,CAPX4HTMVS_diff_lag_2,0.207901,0
2012-07-01,CAPX4HTMVS_diff_lag_2,0.1953888,0
2012-08-01,CAPX4HTMVS_diff_lag_2,0.18029785,0
2012-09-01,CAPX4HTMVS_diff_lag_2,0.16500854,0
2012-10-01,CAPX4HTMVS_diff_lag_2,0.14750671,0
2012-11-01,CAPX4HTMVS_diff_lag_2,0.12660217,0
2012-12-01,CAPX4HTMVS_diff_lag_2,0.10269165,0
2013-01-01,CAPX4HTMVS_diff_lag_2,0.07659912,0
2013-02-01,CAPX4HTMVS_diff_lag_2,0.047912598,0
2013-03-01,CAPX4HTMVS_diff_lag_2,0.017791748,0
2013-04-01,CAPX4HTMVS_diff_lag_2,-0.010803223,0
2013-05-01,CAPX4HTMVS_diff_lag_2,-0.035598755,0
2013-06-01,CAPX4HTMVS_diff_lag_2,-0.055404663,0
2013-07-01,CAPX4HTMVS_diff_lag_2,-0.0690918,0
2013-08-01,CAPX4HTMVS_diff_lag_2,-0.07539368,0
2013-09-01,CAPX4HTMVS_diff_lag_2,-0.077697754,0
2013-10-01,CAPX4HTMVS_diff_lag_2,-0.07850647,0
2013-11-01,CAPX4HTMVS_diff_lag_2,-0.078308105,0
2013-12-01,CAPX4HTMVS_diff_lag_2,-0.077804565,0
2014-01-01,CAPX4HTMVS_diff_lag_2,-0.076293945,0
2014-02-01,CAPX4HTMVS_diff_lag_2,-0.07778931,0
2014-03-01,CAPX4HTMVS_diff_lag_2,-0.081100464,0
2014-04-01,CAPX4HTMVS_diff_lag_2,-0.08230591,0
2014-05-01,CAPX4HTMVS_diff_lag_2,-0.08670044,0
2014-06-01,CAPX4HTMVS_diff_lag_2,-0.09719849,0
2014-07-01,CAPX4HTMVS_diff_lag_2,-0.11210632,0
2014-08-01,CAPX4HTMVS_diff_lag_2,-0.13220215,0
2014-09-01,CAPX4HTMVS_diff_lag_2,-0.1559906,0
2014-10-01,CAPX4HTMVS_diff_lag_2,-0.17900085,0
2014-11-01,CAPX4HTMVS_diff_lag_2,-0.19900513,0
2014-12-01,CAPX4HTMVS_diff_lag_2,-0.21440125,0
2015-01-01,CAPX4HTMVS_diff_lag_2,-0.22439575,0
2015-02-01,CAPX4HTMVS_diff_lag_2,-0.22929382,0
2015-03-01,CAPX4HTMVS_diff_lag_2,-0.22821045,0
2015-04-01,CAPX4HTMVS_diff_lag_2,-0.21920776,0
2015-05-01,CAPX4HTMVS_diff_lag_2,-0.20109558,0
2015-06-01,CAPX4HTMVS_diff_lag_2,-0.1736908,0
2015-07-01,CAPX4HTMVS_diff_lag_2,-0.13670349,0
2015-08-01,CAPX4HTMVS_diff_lag_2,-0.09260559,0
2015-09-01,CAPX4HTMVS_diff_lag_2,-0.04689026,0
2015-10-01,CAPX4HTMVS_diff_lag_2,-0.0018005371,0
2015-11-01,CAPX4HTMVS_diff_lag_2,0.04269409,0
2015-12-01,CAPX4HTMVS_diff_lag_2,0.084609985,0
2016-01-01,CAPX4HTMVS_diff_lag_2,0.12350464,0
2016-02-01,CAPX4HTMVS_diff_lag_2,0.1572876,0
2016-03-01,CAPX4HTMVS_diff_lag_2,0.18539429,0
2016-04-01,CAPX4HTMVS_diff_lag_2,0.20870972,0
2016-05-01,CAPX4HTMVS_diff_lag_2,0.2236023,0
2016-06-01,CAPX4HTMVS_diff_lag_2,0.22920227,0
2016-07-01,CAPX4HTMVS_diff_lag_2,0.22599792,0
2016-08-01,CAPX4HTMVS_diff_lag_2,0.21469116,0
2016-09-01,CAPX4HTMVS_diff_lag_2,0.19689941,0
2016-10-01,CAPX4HTMVS_diff_lag_2,0.1737976,0
2016-11-01,CAPX4HTMVS_diff_lag_2,0.14680481,0
2016-12-01,CAPX4HTMVS_diff_lag_2,0.117004395,0
2017-01-01,CAPX4HTMVS_diff_lag_2,0.084503174,0
2017-02-01,CAPX4HTMVS_diff_lag_2,0.052200317,0
2017-03-01,CAPX4HTMVS_diff_lag_2,0.02229309,0
2017-04-01,CAPX4HTMVS_diff_lag_2,-0.006500244,0
2017-05-01,CAPX4HTMVS_diff_lag_2,-0.030899048,0
2017-06-01,CAPX4HTMVS_diff_lag_2,-0.048797607,0
2017-07-01,CAPX4HTMVS_diff_lag_2,-0.06100464,0
2017-08-01,CAPX4HTMVS_diff_lag_2,-0.06680298,0
2017-09-01,CAPX4HTMVS_diff_lag_2,-0.06500244,0
2017-10-01,CAPX4HTMVS_diff_lag_2,-0.05659485,0
2017-11-01,CAPX4HTMVS_diff_lag_2,-0.04348755,0
2017-12-01,CAPX4HTMVS_diff_lag_2,-0.026611328,0
2018-01-01,CAPX4HTMVS_diff_lag_2,-0.00730896,0
2018-02-01,CAPX4HTMVS_diff_lag_2,0.01651001,0
2018-03-01,CAPX4HTMVS_diff_lag_2,0.042999268,0
2018-04-01,CAPX4HTMVS_diff_lag_2,0.0677948,0
2018-05-01,CAPX4HTMVS_diff_lag_2,0.09339905,0
2018-06-01,CAPX4HTMVS_diff_lag_2,0.12049866,0
2018-07-01,CAPX4HTMVS_diff_lag_2,0.14660645,0
2018-08-01,CAPX4HTMVS_diff_lag_2,0.17050171,0
2018-09-01,CAPX4HTMVS_diff_lag_2,0.19189453,0
2018-10-01,CAPX4HTMVS_diff_lag_2,0.21080017,0
2018-11-01,CAPX4HTMVS_diff_lag_2,0.22709656,0
2018-12-01,CAPX4HTMVS_diff_lag_2,0.24020386,0
2019-01-01,CAPX4HTMVS_diff_lag_2,0.25050354,0
2019-02-01,CAPX4HTMVS_diff_lag_2,0.25880432,0
2000-01-01,A229RX0_perc_diff_lag_1,0.6994708,0
2000-02-01,A229RX0_perc_diff_lag_1,0.30200532,0
2000-03-01,A229RX0_perc_diff_lag_1,0.17463568,0
2000-04-01,A229RX0_perc_diff_lag_1,0.37871957,0
2000-05-01,A229RX0_perc_diff_lag_1,0.30842018,0
2000-06-01,A229RX0_perc_diff_lag_1,0.15522851,0
2000-07-01,A229RX0_perc_diff_lag_1,0.40535304,0
2000-08-01,A229RX0_perc_diff_lag_1,0.45121264,0
2000-09-01,A229RX0_perc_diff_lag_1,-0.08274476,0
2000-10-01,A229RX0_perc_diff_lag_1,0.050279494,0
2000-11-01,A229RX0_perc_diff_lag_1,-0.1241575,0
2000-12-01,A229RX0_perc_diff_lag_1,0.08879417,0
2001-01-01,A229RX0_perc_diff_lag_1,0.5175065,0
2001-02-01,A229RX0_perc_diff_lag_1,0.09708452,0
2001-03-01,A229RX0_perc_diff_lag_1,0.22337174,0
2001-04-01,A229RX0_perc_diff_lag_1,-0.35190615,0
2001-05-01,A229RX0_perc_diff_lag_1,-0.3148911,0
2001-06-01,A229RX0_perc_diff_lag_1,-0.08266171,0
2001-07-01,A229RX0_perc_diff_lag_1,1.3857291,0
2001-08-01,A229RX0_perc_diff_lag_1,1.6261585,0
2001-09-01,A229RX0_perc_diff_lag_1,-0.8201422,0
2001-10-01,A229RX0_perc_diff_lag_1,-1.6393917,0
2001-11-01,A229RX0_perc_diff_lag_1,0.14403716,0
2001-12-01,A229RX0_perc_diff_lag_1,0.13208877,0
2002-01-01,A229RX0_perc_diff_lag_1,1.9112948,0
2002-02-01,A229RX0_perc_diff_lag_1,0.0115058245,0
2002-03-01,A229RX0_perc_diff_lag_1,-0.07477926,0
2002-04-01,A229RX0_perc_diff_lag_1,0.2820712,0
2002-05-01,A229RX0_perc_diff_lag_1,0.25544617,0
2002-06-01,A229RX0_perc_diff_lag_1,0.13741769,0
2002-07-01,A229RX0_perc_diff_lag_1,-0.4002516,0
2002-08-01,A229RX0_perc_diff_lag_1,-0.1492623,0
2002-09-01,A229RX0_perc_diff_lag_1,-0.045995515,0
2002-10-01,A229RX0_perc_diff_lag_1,0.19269486,0
2002-11-01,A229RX0_perc_diff_lag_1,0.22102937,0
2002-12-01,A229RX0_perc_diff_lag_1,0.26350462,0
2003-01-01,A229RX0_perc_diff_lag_1,-0.06570302,0
2003-02-01,A229RX0_perc_diff_lag_1,-0.32587257,0
2003-03-01,A229RX0_perc_diff_lag_1,0.18354413,0
2003-04-01,A229RX0_perc_diff_lag_1,0.44943178,0
2003-05-01,A229RX0_perc_diff_lag_1,0.68680537,0
2003-06-01,A229RX0_perc_diff_lag_1,0.21227817,0
2003-07-01,A229RX0_perc_diff_lag_1,1.1184545,0
2003-08-01,A229RX0_perc_diff_lag_1,0.56980056,0
2003-09-01,A229RX0_perc_diff_lag_1,-1.2886741,0
2003-10-01,A229RX0_perc_diff_lag_1,0.30386585,0
2003-11-01,A229RX0_perc_diff_lag_1,0.5610098,0
2003-12-01,A229RX0_perc_diff_lag_1,0.072524406,0
2004-01-01,A229RX0_perc_diff_lag_1,-0.15888059,0
2004-02-01,A229RX0_perc_diff_lag_1,0.11167257,0
2004-03-01,A229RX0_perc_diff_lag_1,0.34022143,0
2004-04-01,A229RX0_perc_diff_lag_1,0.34462634,0
2004-05-01,A229RX0_perc_diff_lag_1,0.4680792,0
2004-06-01,A229RX0_perc_diff_lag_1,0.005513591,0
2004-07-01,A229RX0_perc_diff_lag_1,0.121292315,0
2004-08-01,A229RX0_perc_diff_lag_1,0.20374449,0
2004-09-01,A229RX0_perc_diff_lag_1,-0.035720173,0
2004-10-01,A229RX0_perc_diff_lag_1,-0.019240813,0
2004-11-01,A229RX0_perc_diff_lag_1,-0.3354044,0
2004-12-01,A229RX0_perc_diff_lag_1,3.6356614,0
2005-01-01,A229RX0_perc_diff_lag_1,-3.6571734,0
2005-02-01,A229RX0_perc_diff_lag_1,-0.02210189,0
2005-03-01,A229RX0_perc_diff_lag_1,0.29015142,0
2005-04-01,A229RX0_perc_diff_lag_1,0.24522635,0
2005-05-01,A229RX0_perc_diff_lag_1,0.38205707,0
2005-06-01,A229RX0_perc_diff_lag_1,0.13690753,0
2005-07-01,A229RX0_perc_diff_lag_1,-0.060156956,0
2005-08-01,A229RX0_perc_diff_lag_1,0.038304742,0
2005-09-01,A229RX0_perc_diff_lag_1,-0.42939582,0
2005-10-01,A229RX0_perc_diff_lag_1,0.6482448,0
2005-11-01,A229RX0_perc_diff_lag_1,0.75323397,0
2005-12-01,A229RX0_perc_diff_lag_1,0.44964516,0
2006-01-01,A229RX0_perc_diff_lag_1,0.9384101,0
2006-02-01,A229RX0_perc_diff_lag_1,0.28318018,0
2006-03-01,A229RX0_perc_diff_lag_1,0.11188662,0
2006-04-01,A229RX0_perc_diff_lag_1,-0.12240554,0
2006-05-01,A229RX0_perc_diff_lag_1,-0.1198913,0
2006-06-01,A229RX0_perc_diff_lag_1,0.16004695,0
2006-07-01,A229RX0_perc_diff_lag_1,-0.16778077,0
2006-08-01,A229RX0_perc_diff_lag_1,-0.12004482,0
2006-09-01,A229RX0_perc_diff_lag_1,0.5421864,0
2006-10-01,A229RX0_perc_diff_lag_1,0.427691,0
2006-11-01,A229RX0_perc_diff_lag_1,0.30948287,0
2006-12-01,A229RX0_perc_diff_lag_1,0.30589104,0
2007-01-01,A229RX0_perc_diff_lag_1,0.02366055,0
2007-02-01,A229RX0_perc_diff_lag_1,0.31014273,0
2007-03-01,A229RX0_perc_diff_lag_1,0.272501,0
2007-04-01,A229RX0_perc_diff_lag_1,-0.08100551,0
2007-05-01,A229RX0_perc_diff_lag_1,-0.13860558,0
2007-06-01,A229RX0_perc_diff_lag_1,-0.23831348,0
2007-07-01,A229RX0_perc_diff_lag_1,0.0,0
2007-08-01,A229RX0_perc_diff_lag_1,-0.018375598,0
2007-09-01,A229RX0_perc_diff_lag_1,0.14965737,0
2007-10-01,A229RX0_perc_diff_lag_1,-0.24381292,0
2007-11-01,A229RX0_perc_diff_lag_1,-0.19710389,0
2007-12-01,A229RX0_perc_diff_lag_1,0.2870234,0
2008-01-01,A229RX0_perc_diff_lag_1,0.028882762,0
2008-02-01,A229RX0_perc_diff_lag_1,-0.08924822,0
2008-03-01,A229RX0_perc_diff_lag_1,-0.11034628,0
2008-04-01,A229RX0_perc_diff_lag_1,-0.47080484,0
2008-05-01,A229RX0_perc_diff_lag_1,4.7118206,0
2008-06-01,A229RX0_perc_diff_lag_1,-2.723097,0
2008-07-01,A229RX0_perc_diff_lag_1,-1.6552082,0
2008-08-01,A229RX0_perc_diff_lag_1,-0.65423274,0
2008-09-01,A229RX0_perc_diff_lag_1,0.19384477,0
2008-10-01,A229RX0_perc_diff_lag_1,0.4637973,0
2008-11-01,A229RX0_perc_diff_lag_1,0.68325114,0
2008-12-01,A229RX0_perc_diff_lag_1,-0.5685689,0
2009-01-01,A229RX0_perc_diff_lag_1,0.28459248,0
2009-02-01,A229RX0_perc_diff_lag_1,-1.0957248,0
2009-03-01,A229RX0_perc_diff_lag_1,-0.09564293,0
2009-04-01,A229RX0_perc_diff_lag_1,0.829699,0
2009-05-01,A229RX0_perc_diff_lag_1,1.5824454,0
2009-06-01,A229RX0_perc_diff_lag_1,-1.7239588,0
2009-07-01,A229RX0_perc_diff_lag_1,-0.53894114,0
2009-08-01,A229RX0_perc_diff_lag_1,-0.33467913,0
2009-09-01,A229RX0_perc_diff_lag_1,0.10393902,0
2009-10-01,A229RX0_perc_diff_lag_1,-0.5085062,0
2009-11-01,A229RX0_perc_diff_lag_1,0.20337169,0
2009-12-01,A229RX0_perc_diff_lag_1,0.4806922,0
2010-01-01,A229RX0_perc_diff_lag_1,-0.05847021,0
2010-02-01,A229RX0_perc_diff_lag_1,-0.08243804,0
2010-03-01,A229RX0_perc_diff_lag_1,0.26348707,0
2010-04-01,A229RX0_perc_diff_lag_1,0.772457,0
2010-05-01,A229RX0_perc_diff_lag_1,0.7454627,0
2010-06-01,A229RX0_perc_diff_lag_1,0.11765936,0
2010-07-01,A229RX0_perc_diff_lag_1,0.09924003,0
2010-08-01,A229RX0_perc_diff_lag_1,0.2191552,0
2010-09-01,A229RX0_perc_diff_lag_1,-0.16921355,0
2010-10-01,A229RX0_perc_diff_lag_1,0.07823094,0
2010-11-01,A229RX0_perc_diff_lag_1,0.15894523,0
2010-12-01,A229RX0_perc_diff_lag_1,0.6477796,0
2011-01-01,A229RX0_perc_diff_lag_1,0.35669976,0
2011-02-01,A229RX0_perc_diff_lag_1,0.19832072,0
2011-03-01,A229RX0_perc_diff_lag_1,-0.3572989,0
2011-04-01,A229RX0_perc_diff_lag_1,-0.23733361,0
2011-05-01,A229RX0_perc_diff_lag_1,-0.16032271,0
2011-06-01,A229RX0_perc_diff_lag_1,0.4040404,0
2011-07-01,A229RX0_perc_diff_lag_1,0.22700304,0
2011-08-01,A229RX0_perc_diff_lag_1,-0.1775879,0
2011-09-01,A229RX0_perc_diff_lag_1,-0.252675,0
2011-10-01,A229RX0_perc_diff_lag_1,0.116318144,0
2011-11-01,A229RX0_perc_diff_lag_1,-0.077455334,0
2011-12-01,A229RX0_perc_diff_lag_1,0.8475014,0
2012-01-01,A229RX0_perc_diff_lag_1,0.68921345,0
2012-02-01,A229RX0_perc_diff_lag_1,0.5547215,0
2012-03-01,A229RX0_perc_diff_lag_1,0.30113623,0
2012-04-01,A229RX0_perc_diff_lag_1,0.33303058,0
2012-05-01,A229RX0_perc_diff_lag_1,0.027660431,0
2012-06-01,A229RX0_perc_diff_lag_1,0.027652781,0
2012-07-01,A229RX0_perc_diff_lag_1,-0.77155066,0
2012-08-01,A229RX0_perc_diff_lag_1,-0.45082694,0
2012-09-01,A229RX0_perc_diff_lag_1,0.41470551,0
2012-10-01,A229RX0_perc_diff_lag_1,0.6891659,0
2012-11-01,A229RX0_perc_diff_lag_1,1.3512833,0
2012-12-01,A229RX0_perc_diff_lag_1,2.4927378,0
2013-01-01,A229RX0_perc_diff_lag_1,-5.8017006,0
2013-02-01,A229RX0_perc_diff_lag_1,-0.54518336,0
2013-03-01,A229RX0_perc_diff_lag_1,0.10601438,0
2013-04-01,A229RX0_perc_diff_lag_1,0.3409531,0
2013-05-01,A229RX0_perc_diff_lag_1,0.51741445,0
2013-06-01,A229RX0_perc_diff_lag_1,0.04353616,0
2013-07-01,A229RX0_perc_diff_lag_1,-0.17406885,0
2013-08-01,A229RX0_perc_diff_lag_1,0.1512937,0
2013-09-01,A229RX0_perc_diff_lag_1,0.33285537,0
2013-10-01,A229RX0_perc_diff_lag_1,-0.3291992,0
2013-11-01,A229RX0_perc_diff_lag_1,0.25603604,0
2013-12-01,A229RX0_perc_diff_lag_1,0.25538218,0
2014-01-01,A229RX0_perc_diff_lag_1,0.48908475,0
2014-02-01,A229RX0_perc_diff_lag_1,0.63626456,0
2014-03-01,A229RX0_perc_diff_lag_1,0.5440806,0
2014-04-01,A229RX0_perc_diff_lag_1,0.19791563,0
2014-05-01,A229RX0_perc_diff_lag_1,0.21502689,0
2014-06-01,A229RX0_perc_diff_lag_1,0.33931288,0
2014-07-01,A229RX0_perc_diff_lag_1,0.26854315,0
2014-08-01,A229RX0_perc_diff_lag_1,0.39925605,0
2014-09-01,A229RX0_perc_diff_lag_1,0.19759917,0
2014-10-01,A229RX0_perc_diff_lag_1,0.32539564,0
2014-11-01,A229RX0_perc_diff_lag_1,0.35382575,0
2014-12-01,A229RX0_perc_diff_lag_1,0.58273345,0
2015-01-01,A229RX0_perc_diff_lag_1,0.45520934,0
2015-02-01,A229RX0_perc_diff_lag_1,0.298059,0
2015-03-01,A229RX0_perc_diff_lag_1,-0.2609326,0
2015-04-01,A229RX0_perc_diff_lag_1,0.42633593,0
2015-05-01,A229RX0_perc_diff_lag_1,0.27738917,0
2015-06-01,A229RX0_perc_diff_lag_1,0.18762177,0
2015-07-01,A229RX0_perc_diff_lag_1,0.22808576,0
2015-08-01,A229RX0_perc_diff_lag_1,0.24673022,0
2015-09-01,A229RX0_perc_diff_lag_1,0.10513991,0
2015-10-01,A229RX0_perc_diff_lag_1,-0.02625737,0
2015-11-01,A229RX0_perc_diff_lag_1,-0.267418,0
2015-12-01,A229RX0_perc_diff_lag_1,0.26095283,0
2016-01-01,A229RX0_perc_diff_lag_1,0.35817474,0
2016-02-01,A229RX0_perc_diff_lag_1,0.061862048,0
2016-03-01,A229RX0_perc_diff_lag_1,0.073713,0
2016-04-01,A229RX0_perc_diff_lag_1,-0.24948914,0
2016-05-01,A229RX0_perc_diff_lag_1,-0.15721397,0
2016-06-01,A229RX0_perc_diff_lag_1,-0.08827389,0
2016-07-01,A229RX0_perc_diff_lag_1,0.2101342,0
2016-08-01,A229RX0_perc_diff_lag_1,0.021445932,0
2016-09-01,A229RX0_perc_diff_lag_1,0.2334723,0
2016-10-01,A229RX0_perc_diff_lag_1,0.16400066,0
2016-11-01,A229RX0_perc_diff_lag_1,0.19220729,0
2016-12-01,A229RX0_perc_diff_lag_1,0.13026077,0
2017-01-01,A229RX0_perc_diff_lag_1,0.3879086,0
2017-02-01,A229RX0_perc_diff_lag_1,0.39347816,0
2017-03-01,A229RX0_perc_diff_lag_1,0.44356826,0
2017-04-01,A229RX0_perc_diff_lag_1,-0.22664611,0
2017-05-01,A229RX0_perc_diff_lag_1,0.36298916,0
2017-06-01,A229RX0_perc_diff_lag_1,-0.13300355,0
2017-07-01,A229RX0_perc_diff_lag_1,0.22897731,0
2017-08-01,A229RX0_perc_diff_lag_1,0.12588292,0
2017-09-01,A229RX0_perc_diff_lag_1,0.09312938,0
2017-10-01,A229RX0_perc_diff_lag_1,0.20934615,0
2017-11-01,A229RX0_perc_diff_lag_1,0.048745386,0
2017-12-01,A229RX0_perc_diff_lag_1,0.16008538,0
2018-01-01,A229RX0_perc_diff_lag_1,0.6323689,0
2018-02-01,A229RX0_perc_diff_lag_1,0.14501427,0
2018-03-01,A229RX0_perc_diff_lag_1,0.30110097,0
2018-04-01,A229RX0_perc_diff_lag_1,-0.059581097,0
2018-05-01,A229RX0_perc_diff_lag_1,0.05044483,0
2018-06-01,A229RX0_perc_diff_lag_1,0.21084476,0
2018-07-01,A229RX0_perc_diff_lag_1,0.15093994,0
2018-08-01,A229RX0_perc_diff_lag_1,0.25118744,0
2018-09-01,A229RX0_perc_diff_lag_1,0.004555601,0
2018-10-01,A229RX0_perc_diff_lag_1,0.31659985,0
2018-11-01,A229RX0_perc_diff_lag_1,0.23159185,0
2018-12-01,A229RX0_perc_diff_lag_1,0.9899196,0
2019-01-01,A229RX0_perc_diff_lag_1,-0.2018752,0
2019-02-01,A229RX0_perc_diff_lag_1,0.0,0
2000-01-01,CAPGMFDS_diff_lag_2,1.2916031,0
2000-02-01,CAPGMFDS_diff_lag_2,1.3144989,0
2000-03-01,CAPGMFDS_diff_lag_2,1.3389969,0
2000-04-01,CAPGMFDS_diff_lag_2,1.3647003,0
2000-05-01,CAPGMFDS_diff_lag_2,1.3865051,0
2000-06-01,CAPGMFDS_diff_lag_2,1.4037018,0
2000-07-01,CAPGMFDS_diff_lag_2,1.4125977,0
2000-08-01,CAPGMFDS_diff_lag_2,1.4205017,0
2000-09-01,CAPGMFDS_diff_lag_2,1.4266968,0
2000-10-01,CAPGMFDS_diff_lag_2,1.4251022,0
2000-11-01,CAPGMFDS_diff_lag_2,1.4099045,0
2000-12-01,CAPGMFDS_diff_lag_2,1.3794937,0
2001-01-01,CAPGMFDS_diff_lag_2,1.3488007,0
2001-02-01,CAPGMFDS_diff_lag_2,1.3209,0
2001-03-01,CAPGMFDS_diff_lag_2,1.276001,0
2001-04-01,CAPGMFDS_diff_lag_2,1.198204,0
2001-05-01,CAPGMFDS_diff_lag_2,1.0965958,0
2001-06-01,CAPGMFDS_diff_lag_2,0.9870987,0
2001-07-01,CAPGMFDS_diff_lag_2,0.8858032,0
2001-08-01,CAPGMFDS_diff_lag_2,0.7940979,0
2001-09-01,CAPGMFDS_diff_lag_2,0.70939636,0
2001-10-01,CAPGMFDS_diff_lag_2,0.62810516,0
2001-11-01,CAPGMFDS_diff_lag_2,0.5558014,0
2001-12-01,CAPGMFDS_diff_lag_2,0.49559784,0
2002-01-01,CAPGMFDS_diff_lag_2,0.4389038,0
2002-02-01,CAPGMFDS_diff_lag_2,0.38629913,0
2002-03-01,CAPGMFDS_diff_lag_2,0.33429718,0
2002-04-01,CAPGMFDS_diff_lag_2,0.28079987,0
2002-05-01,CAPGMFDS_diff_lag_2,0.23960114,0
2002-06-01,CAPGMFDS_diff_lag_2,0.21800232,0
2002-07-01,CAPGMFDS_diff_lag_2,0.20890045,0
2002-08-01,CAPGMFDS_diff_lag_2,0.21139526,0
2002-09-01,CAPGMFDS_diff_lag_2,0.22319794,0
2002-10-01,CAPGMFDS_diff_lag_2,0.23750305,0
2002-11-01,CAPGMFDS_diff_lag_2,0.24849701,0
2002-12-01,CAPGMFDS_diff_lag_2,0.2547989,0
2003-01-01,CAPGMFDS_diff_lag_2,0.25830078,0
2003-02-01,CAPGMFDS_diff_lag_2,0.2617035,0
2003-03-01,CAPGMFDS_diff_lag_2,0.26450348,0
2003-04-01,CAPGMFDS_diff_lag_2,0.2634964,0
2003-05-01,CAPGMFDS_diff_lag_2,0.2566986,0
2003-06-01,CAPGMFDS_diff_lag_2,0.24259949,0
2003-07-01,CAPGMFDS_diff_lag_2,0.22000122,0
2003-08-01,CAPGMFDS_diff_lag_2,0.19049835,0
2003-09-01,CAPGMFDS_diff_lag_2,0.15779877,0
2003-10-01,CAPGMFDS_diff_lag_2,0.123802185,0
2003-11-01,CAPGMFDS_diff_lag_2,0.090797424,0
2003-12-01,CAPGMFDS_diff_lag_2,0.0605011,0
2004-01-01,CAPGMFDS_diff_lag_2,0.03340149,0
2004-02-01,CAPGMFDS_diff_lag_2,0.009399414,0
2004-03-01,CAPGMFDS_diff_lag_2,-0.0084991455,0
2004-04-01,CAPGMFDS_diff_lag_2,-0.0149002075,0
2004-05-01,CAPGMFDS_diff_lag_2,-0.004699707,0
2004-06-01,CAPGMFDS_diff_lag_2,0.024604797,0
2004-07-01,CAPGMFDS_diff_lag_2,0.07029724,0
2004-08-01,CAPGMFDS_diff_lag_2,0.13059998,0
2004-09-01,CAPGMFDS_diff_lag_2,0.20160675,0
2004-10-01,CAPGMFDS_diff_lag_2,0.27859497,0
2004-11-01,CAPGMFDS_diff_lag_2,0.3592987,0
2004-12-01,CAPGMFDS_diff_lag_2,0.43800354,0
2005-01-01,CAPGMFDS_diff_lag_2,0.5121994,0
2005-02-01,CAPGMFDS_diff_lag_2,0.58399963,0
2005-03-01,CAPGMFDS_diff_lag_2,0.6505966,0
2005-04-01,CAPGMFDS_diff_lag_2,0.7064972,0
2005-05-01,CAPGMFDS_diff_lag_2,0.7488022,0
2005-06-01,CAPGMFDS_diff_lag_2,0.7767029,0
2005-07-01,CAPGMFDS_diff_lag_2,0.7854004,0
2005-08-01,CAPGMFDS_diff_lag_2,0.77339935,0
2005-09-01,CAPGMFDS_diff_lag_2,0.7466965,0
2005-10-01,CAPGMFDS_diff_lag_2,0.7111969,0
2005-11-01,CAPGMFDS_diff_lag_2,0.67230225,0
2005-12-01,CAPGMFDS_diff_lag_2,0.6320038,0
2006-01-01,CAPGMFDS_diff_lag_2,0.59269714,0
2006-02-01,CAPGMFDS_diff_lag_2,0.5559006,0
2006-03-01,CAPGMFDS_diff_lag_2,0.5251999,0
2006-04-01,CAPGMFDS_diff_lag_2,0.50579834,0
2006-05-01,CAPGMFDS_diff_lag_2,0.5034027,0
2006-06-01,CAPGMFDS_diff_lag_2,0.5200958,0
2006-07-01,CAPGMFDS_diff_lag_2,0.5494995,0
2006-08-01,CAPGMFDS_diff_lag_2,0.5924072,0
2006-09-01,CAPGMFDS_diff_lag_2,0.6447983,0
2006-10-01,CAPGMFDS_diff_lag_2,0.6994934,0
2006-11-01,CAPGMFDS_diff_lag_2,0.75320435,0
2006-12-01,CAPGMFDS_diff_lag_2,0.7994995,0
2007-01-01,CAPGMFDS_diff_lag_2,0.83919525,0
2007-02-01,CAPGMFDS_diff_lag_2,0.8751068,0
2007-03-01,CAPGMFDS_diff_lag_2,0.90610504,0
2007-04-01,CAPGMFDS_diff_lag_2,0.9266968,0
2007-05-01,CAPGMFDS_diff_lag_2,0.9317932,0
2007-06-01,CAPGMFDS_diff_lag_2,0.9192047,0
2007-07-01,CAPGMFDS_diff_lag_2,0.8825073,0
2007-08-01,CAPGMFDS_diff_lag_2,0.82398987,0
2007-09-01,CAPGMFDS_diff_lag_2,0.754303,0
2007-10-01,CAPGMFDS_diff_lag_2,0.6746063,0
2007-11-01,CAPGMFDS_diff_lag_2,0.58428955,0
2007-12-01,CAPGMFDS_diff_lag_2,0.48669434,0
2008-01-01,CAPGMFDS_diff_lag_2,0.38349915,0
2008-02-01,CAPGMFDS_diff_lag_2,0.2781067,0
2008-03-01,CAPGMFDS_diff_lag_2,0.1749115,0
2008-04-01,CAPGMFDS_diff_lag_2,0.079193115,0
2008-05-01,CAPGMFDS_diff_lag_2,0.0033874512,0
2008-06-01,CAPGMFDS_diff_lag_2,-0.04888916,0
2008-07-01,CAPGMFDS_diff_lag_2,-0.084198,0
2008-08-01,CAPGMFDS_diff_lag_2,-0.10661316,0
2008-09-01,CAPGMFDS_diff_lag_2,-0.12590027,0
2008-10-01,CAPGMFDS_diff_lag_2,-0.14639282,0
2008-11-01,CAPGMFDS_diff_lag_2,-0.16938782,0
2008-12-01,CAPGMFDS_diff_lag_2,-0.19299316,0
2009-01-01,CAPGMFDS_diff_lag_2,-0.21051025,0
2009-02-01,CAPGMFDS_diff_lag_2,-0.23110962,0
2009-03-01,CAPGMFDS_diff_lag_2,-0.24848938,0
2009-04-01,CAPGMFDS_diff_lag_2,-0.2480011,0
2009-05-01,CAPGMFDS_diff_lag_2,-0.24360657,0
2009-06-01,CAPGMFDS_diff_lag_2,-0.24378967,0
2009-07-01,CAPGMFDS_diff_lag_2,-0.24240112,0
2009-08-01,CAPGMFDS_diff_lag_2,-0.2400055,0
2009-09-01,CAPGMFDS_diff_lag_2,-0.24259949,0
2009-10-01,CAPGMFDS_diff_lag_2,-0.2480011,0
2009-11-01,CAPGMFDS_diff_lag_2,-0.25039673,0
2009-12-01,CAPGMFDS_diff_lag_2,-0.251297,0
2010-01-01,CAPGMFDS_diff_lag_2,-0.25260925,0
2010-02-01,CAPGMFDS_diff_lag_2,-0.26049805,0
2010-03-01,CAPGMFDS_diff_lag_2,-0.27139282,0
2010-04-01,CAPGMFDS_diff_lag_2,-0.2751007,0
2010-05-01,CAPGMFDS_diff_lag_2,-0.27220154,0
2010-06-01,CAPGMFDS_diff_lag_2,-0.26220703,0
2010-07-01,CAPGMFDS_diff_lag_2,-0.24099731,0
2010-08-01,CAPGMFDS_diff_lag_2,-0.20619202,0
2010-09-01,CAPGMFDS_diff_lag_2,-0.16059875,0
2010-10-01,CAPGMFDS_diff_lag_2,-0.10820007,0
2010-11-01,CAPGMFDS_diff_lag_2,-0.051101685,0
2010-12-01,CAPGMFDS_diff_lag_2,0.008392334,0
2011-01-01,CAPGMFDS_diff_lag_2,0.06919861,0
2011-02-01,CAPGMFDS_diff_lag_2,0.13400269,0
2011-03-01,CAPGMFDS_diff_lag_2,0.2012024,0
2011-04-01,CAPGMFDS_diff_lag_2,0.26559448,0
2011-05-01,CAPGMFDS_diff_lag_2,0.32600403,0
2011-06-01,CAPGMFDS_diff_lag_2,0.3816986,0
2011-07-01,CAPGMFDS_diff_lag_2,0.4277954,0
2011-08-01,CAPGMFDS_diff_lag_2,0.4593048,0
2011-09-01,CAPGMFDS_diff_lag_2,0.47799683,0
2011-10-01,CAPGMFDS_diff_lag_2,0.4875946,0
2011-11-01,CAPGMFDS_diff_lag_2,0.4907074,0
2011-12-01,CAPGMFDS_diff_lag_2,0.48831177,0
2012-01-01,CAPGMFDS_diff_lag_2,0.4811859,0
2012-02-01,CAPGMFDS_diff_lag_2,0.47129822,0
2012-03-01,CAPGMFDS_diff_lag_2,0.46070862,0
2012-04-01,CAPGMFDS_diff_lag_2,0.45140076,0
2012-05-01,CAPGMFDS_diff_lag_2,0.44859314,0
2012-06-01,CAPGMFDS_diff_lag_2,0.45559692,0
2012-07-01,CAPGMFDS_diff_lag_2,0.46881104,0
2012-08-01,CAPGMFDS_diff_lag_2,0.48890686,0
2012-09-01,CAPGMFDS_diff_lag_2,0.5142975,0
2012-10-01,CAPGMFDS_diff_lag_2,0.54029846,0
2012-11-01,CAPGMFDS_diff_lag_2,0.5643921,0
2012-12-01,CAPGMFDS_diff_lag_2,0.5820923,0
2013-01-01,CAPGMFDS_diff_lag_2,0.5933075,0
2013-02-01,CAPGMFDS_diff_lag_2,0.598999,0
2013-03-01,CAPGMFDS_diff_lag_2,0.59840393,0
2013-04-01,CAPGMFDS_diff_lag_2,0.589798,0
2013-05-01,CAPGMFDS_diff_lag_2,0.57218933,0
2013-06-01,CAPGMFDS_diff_lag_2,0.5463104,0
2013-07-01,CAPGMFDS_diff_lag_2,0.5113983,0
2013-08-01,CAPGMFDS_diff_lag_2,0.47329712,0
2013-09-01,CAPGMFDS_diff_lag_2,0.4363098,0
2013-10-01,CAPGMFDS_diff_lag_2,0.3973999,0
2013-11-01,CAPGMFDS_diff_lag_2,0.35488892,0
2013-12-01,CAPGMFDS_diff_lag_2,0.3090973,0
2014-01-01,CAPGMFDS_diff_lag_2,0.2617035,0
2014-02-01,CAPGMFDS_diff_lag_2,0.21310425,0
2014-03-01,CAPGMFDS_diff_lag_2,0.16470337,0
2014-04-01,CAPGMFDS_diff_lag_2,0.11878967,0
2014-05-01,CAPGMFDS_diff_lag_2,0.077697754,0
2014-06-01,CAPGMFDS_diff_lag_2,0.04270935,0
2014-07-01,CAPGMFDS_diff_lag_2,0.013595581,0
2014-08-01,CAPGMFDS_diff_lag_2,-0.0077056885,0
2014-09-01,CAPGMFDS_diff_lag_2,-0.02128601,0
2014-10-01,CAPGMFDS_diff_lag_2,-0.028900146,0
2014-11-01,CAPGMFDS_diff_lag_2,-0.0315094,0
2014-12-01,CAPGMFDS_diff_lag_2,-0.029800415,0
2015-01-01,CAPGMFDS_diff_lag_2,-0.02420044,0
2015-02-01,CAPGMFDS_diff_lag_2,-0.01550293,0
2015-03-01,CAPGMFDS_diff_lag_2,-0.0037994385,0
2015-04-01,CAPGMFDS_diff_lag_2,0.011001587,0
2015-05-01,CAPGMFDS_diff_lag_2,0.028396606,0
2015-06-01,CAPGMFDS_diff_lag_2,0.047698975,0
2015-07-01,CAPGMFDS_diff_lag_2,0.06790161,0
2015-08-01,CAPGMFDS_diff_lag_2,0.08830261,0
2015-09-01,CAPGMFDS_diff_lag_2,0.10900879,0
2015-10-01,CAPGMFDS_diff_lag_2,0.12989807,0
2015-11-01,CAPGMFDS_diff_lag_2,0.15100098,0
2015-12-01,CAPGMFDS_diff_lag_2,0.17131042,0
2016-01-01,CAPGMFDS_diff_lag_2,0.19039917,0
2016-02-01,CAPGMFDS_diff_lag_2,0.20880127,0
2016-03-01,CAPGMFDS_diff_lag_2,0.22579956,0
2016-04-01,CAPGMFDS_diff_lag_2,0.24060059,0
2016-05-01,CAPGMFDS_diff_lag_2,0.25279236,0
2016-06-01,CAPGMFDS_diff_lag_2,0.26229858,0
2016-07-01,CAPGMFDS_diff_lag_2,0.26789856,0
2016-08-01,CAPGMFDS_diff_lag_2,0.26919556,0
2016-09-01,CAPGMFDS_diff_lag_2,0.26519775,0
2016-10-01,CAPGMFDS_diff_lag_2,0.25579834,0
2016-11-01,CAPGMFDS_diff_lag_2,0.24259949,0
2016-12-01,CAPGMFDS_diff_lag_2,0.22590637,0
2017-01-01,CAPGMFDS_diff_lag_2,0.20761108,0
2017-02-01,CAPGMFDS_diff_lag_2,0.1867981,0
2017-03-01,CAPGMFDS_diff_lag_2,0.16549683,0
2017-04-01,CAPGMFDS_diff_lag_2,0.14768982,0
2017-05-01,CAPGMFDS_diff_lag_2,0.13240051,0
2017-06-01,CAPGMFDS_diff_lag_2,0.1197052,0
2017-07-01,CAPGMFDS_diff_lag_2,0.109298706,0
2017-08-01,CAPGMFDS_diff_lag_2,0.10220337,0
2017-09-01,CAPGMFDS_diff_lag_2,0.100097656,0
2017-10-01,CAPGMFDS_diff_lag_2,0.102890015,0
2017-11-01,CAPGMFDS_diff_lag_2,0.110198975,0
2017-12-01,CAPGMFDS_diff_lag_2,0.12020874,0
2018-01-01,CAPGMFDS_diff_lag_2,0.13189697,0
2018-02-01,CAPGMFDS_diff_lag_2,0.14680481,0
2018-03-01,CAPGMFDS_diff_lag_2,0.16400146,0
2018-04-01,CAPGMFDS_diff_lag_2,0.18089294,0
2018-05-01,CAPGMFDS_diff_lag_2,0.19960022,0
2018-06-01,CAPGMFDS_diff_lag_2,0.22129822,0
2018-07-01,CAPGMFDS_diff_lag_2,0.2434082,0
2018-08-01,CAPGMFDS_diff_lag_2,0.26530457,0
2018-09-01,CAPGMFDS_diff_lag_2,0.28700256,0
2018-10-01,CAPGMFDS_diff_lag_2,0.30740356,0
2018-11-01,CAPGMFDS_diff_lag_2,0.3264923,0
2018-12-01,CAPGMFDS_diff_lag_2,0.3428955,0
2019-01-01,CAPGMFDS_diff_lag_2,0.3567047,0
2019-02-01,CAPGMFDS_diff_lag_2,0.3690033,0
2000-01-01,IPB51222S_diff_lag_2,1.8756027,0
2000-02-01,IPB51222S_diff_lag_2,3.586403,0
2000-03-01,IPB51222S_diff_lag_2,-4.073799,0
2000-04-01,IPB51222S_diff_lag_2,-3.1591034,0
2000-05-01,IPB51222S_diff_lag_2,10.031303,0
2000-06-01,IPB51222S_diff_lag_2,4.7188034,0
2000-07-01,IPB51222S_diff_lag_2,-2.838707,0
2000-08-01,IPB51222S_diff_lag_2,-0.92350006,0
2000-09-01,IPB51222S_diff_lag_2,4.3832016,0
2000-10-01,IPB51222S_diff_lag_2,1.4869995,0
2000-11-01,IPB51222S_diff_lag_2,2.9926987,0
2000-12-01,IPB51222S_diff_lag_2,8.899002,0
2001-01-01,IPB51222S_diff_lag_2,3.3229065,0
2001-02-01,IPB51222S_diff_lag_2,-5.585701,0
2001-03-01,IPB51222S_diff_lag_2,-6.327301,0
2001-04-01,IPB51222S_diff_lag_2,-1.8488007,0
2001-05-01,IPB51222S_diff_lag_2,-2.812004,0
2001-06-01,IPB51222S_diff_lag_2,-3.4508057,0
2001-07-01,IPB51222S_diff_lag_2,-0.17749786,0
2001-08-01,IPB51222S_diff_lag_2,3.4064026,0
2001-09-01,IPB51222S_diff_lag_2,0.30390167,0
2001-10-01,IPB51222S_diff_lag_2,-1.6104965,0
2001-11-01,IPB51222S_diff_lag_2,-3.014,0
2001-12-01,IPB51222S_diff_lag_2,-6.3851013,0
2002-01-01,IPB51222S_diff_lag_2,1.5625992,0
2002-02-01,IPB51222S_diff_lag_2,3.9641953,0
2002-03-01,IPB51222S_diff_lag_2,4.543396,0
2002-04-01,IPB51222S_diff_lag_2,7.815407,0
2002-05-01,IPB51222S_diff_lag_2,3.5847015,0
2002-06-01,IPB51222S_diff_lag_2,-0.8133011,0
2002-07-01,IPB51222S_diff_lag_2,-0.08429718,0
2002-08-01,IPB51222S_diff_lag_2,-1.3368988,0
2002-09-01,IPB51222S_diff_lag_2,-1.0965042,0
2002-10-01,IPB51222S_diff_lag_2,5.3156967,0
2002-11-01,IPB51222S_diff_lag_2,5.191101,0
2002-12-01,IPB51222S_diff_lag_2,-1.6445999,0
2003-01-01,IPB51222S_diff_lag_2,-3.4790955,0
2003-02-01,IPB51222S_diff_lag_2,5.654701,0
2003-03-01,IPB51222S_diff_lag_2,0.8274002,0
2003-04-01,IPB51222S_diff_lag_2,-7.939102,0
2003-05-01,IPB51222S_diff_lag_2,-0.6130066,0
2003-06-01,IPB51222S_diff_lag_2,-3.8655014,0
2003-07-01,IPB51222S_diff_lag_2,-1.0679932,0
2003-08-01,IPB51222S_diff_lag_2,5.5177,0
2003-09-01,IPB51222S_diff_lag_2,0.46369934,0
2003-10-01,IPB51222S_diff_lag_2,-2.4627,0
2003-11-01,IPB51222S_diff_lag_2,-1.0381012,0
2003-12-01,IPB51222S_diff_lag_2,3.2462006,0
2004-01-01,IPB51222S_diff_lag_2,6.843895,0
2004-02-01,IPB51222S_diff_lag_2,5.3251038,0
2004-03-01,IPB51222S_diff_lag_2,-8.563698,0
2004-04-01,IPB51222S_diff_lag_2,-7.8041,0
2004-05-01,IPB51222S_diff_lag_2,3.2963028,0
2004-06-01,IPB51222S_diff_lag_2,1.2002945,0
2004-07-01,IPB51222S_diff_lag_2,-2.7198029,0
2004-08-01,IPB51222S_diff_lag_2,-5.1210938,0
2004-09-01,IPB51222S_diff_lag_2,0.50839996,0
2004-10-01,IPB51222S_diff_lag_2,4.3239975,0
2004-11-01,IPB51222S_diff_lag_2,2.6320038,0
2004-12-01,IPB51222S_diff_lag_2,2.3891983,0
2005-01-01,IPB51222S_diff_lag_2,1.0009003,0
2005-02-01,IPB51222S_diff_lag_2,-2.5679016,0
2005-03-01,IPB51222S_diff_lag_2,2.1140976,0
2005-04-01,IPB51222S_diff_lag_2,2.5727005,0
2005-05-01,IPB51222S_diff_lag_2,-3.2378998,0
2005-06-01,IPB51222S_diff_lag_2,2.829506,0
2005-07-01,IPB51222S_diff_lag_2,5.2630997,0
2005-08-01,IPB51222S_diff_lag_2,0.4312973,0
2005-09-01,IPB51222S_diff_lag_2,1.2438965,0
2005-10-01,IPB51222S_diff_lag_2,0.85510254,0
2005-11-01,IPB51222S_diff_lag_2,-6.275093,0
2005-12-01,IPB51222S_diff_lag_2,0.3837967,0
2006-01-01,IPB51222S_diff_lag_2,-6.927101,0
2006-02-01,IPB51222S_diff_lag_2,-11.359802,0
2006-03-01,IPB51222S_diff_lag_2,8.206596,0
2006-04-01,IPB51222S_diff_lag_2,5.8194046,0
2006-05-01,IPB51222S_diff_lag_2,-1.0758972,0
2006-06-01,IPB51222S_diff_lag_2,2.3759003,0
2006-07-01,IPB51222S_diff_lag_2,3.8283005,0
2006-08-01,IPB51222S_diff_lag_2,1.8548965,0
2006-09-01,IPB51222S_diff_lag_2,-4.4107056,0
2006-10-01,IPB51222S_diff_lag_2,-1.0569992,0
2006-11-01,IPB51222S_diff_lag_2,3.6963043,0
2006-12-01,IPB51222S_diff_lag_2,-6.5274963,0
2007-01-01,IPB51222S_diff_lag_2,-4.725197,0
2007-02-01,IPB51222S_diff_lag_2,15.0344925,0
2007-03-01,IPB51222S_diff_lag_2,3.5639954,0
2007-04-01,IPB51222S_diff_lag_2,-7.325798,0
2007-05-01,IPB51222S_diff_lag_2,2.9965973,0
2007-06-01,IPB51222S_diff_lag_2,-2.3724976,0
2007-07-01,IPB51222S_diff_lag_2,-4.0980988,0
2007-08-01,IPB51222S_diff_lag_2,4.967598,0
2007-09-01,IPB51222S_diff_lag_2,8.662003,0
2007-10-01,IPB51222S_diff_lag_2,-2.5487976,0
2007-11-01,IPB51222S_diff_lag_2,-5.1501007,0
2007-12-01,IPB51222S_diff_lag_2,-2.7868042,0
2008-01-01,IPB51222S_diff_lag_2,0.36499786,0
2008-02-01,IPB51222S_diff_lag_2,6.016205,0
2008-03-01,IPB51222S_diff_lag_2,0.11230469,0
2008-04-01,IPB51222S_diff_lag_2,-1.8917999,0
2008-05-01,IPB51222S_diff_lag_2,-1.4332047,0
2008-06-01,IPB51222S_diff_lag_2,0.21070099,0
2008-07-01,IPB51222S_diff_lag_2,-0.37379456,0
2008-08-01,IPB51222S_diff_lag_2,-5.9160995,0
2008-09-01,IPB51222S_diff_lag_2,-1.8806,0
2008-10-01,IPB51222S_diff_lag_2,2.4302979,0
2008-11-01,IPB51222S_diff_lag_2,3.4841995,0
2008-12-01,IPB51222S_diff_lag_2,4.677902,0
2009-01-01,IPB51222S_diff_lag_2,1.2798996,0
2009-02-01,IPB51222S_diff_lag_2,-4.8691025,0
2009-03-01,IPB51222S_diff_lag_2,-3.1054,0
2009-04-01,IPB51222S_diff_lag_2,2.4500961,0
2009-05-01,IPB51222S_diff_lag_2,-0.42910004,0
2009-06-01,IPB51222S_diff_lag_2,-4.5318985,0
2009-07-01,IPB51222S_diff_lag_2,-3.018898,0
2009-08-01,IPB51222S_diff_lag_2,-0.108695984,0
2009-09-01,IPB51222S_diff_lag_2,1.2339935,0
2009-10-01,IPB51222S_diff_lag_2,9.293594,0
2009-11-01,IPB51222S_diff_lag_2,-1.772995,0
2009-12-01,IPB51222S_diff_lag_2,-2.8244934,0
2010-01-01,IPB51222S_diff_lag_2,11.693794,0
2010-02-01,IPB51222S_diff_lag_2,5.6161957,0
2010-03-01,IPB51222S_diff_lag_2,-4.053093,0
2010-04-01,IPB51222S_diff_lag_2,-13.3638,0
2010-05-01,IPB51222S_diff_lag_2,-1.9205017,0
2010-06-01,IPB51222S_diff_lag_2,10.6297,0
2010-07-01,IPB51222S_diff_lag_2,3.9430008,0
2010-08-01,IPB51222S_diff_lag_2,0.13780212,0
2010-09-01,IPB51222S_diff_lag_2,-0.65880585,0
2010-10-01,IPB51222S_diff_lag_2,-5.8346024,0
2010-11-01,IPB51222S_diff_lag_2,-4.782196,0
2010-12-01,IPB51222S_diff_lag_2,10.008301,0
2011-01-01,IPB51222S_diff_lag_2,8.561203,0
2011-02-01,IPB51222S_diff_lag_2,-6.076599,0
2011-03-01,IPB51222S_diff_lag_2,-8.576508,0
2011-04-01,IPB51222S_diff_lag_2,-1.3806992,0
2011-05-01,IPB51222S_diff_lag_2,4.7877045,0
2011-06-01,IPB51222S_diff_lag_2,1.2455978,0
2011-07-01,IPB51222S_diff_lag_2,-0.1611023,0
2011-08-01,IPB51222S_diff_lag_2,2.0374985,0
2011-09-01,IPB51222S_diff_lag_2,-1.5884018,0
2011-10-01,IPB51222S_diff_lag_2,-6.1356964,0
2011-11-01,IPB51222S_diff_lag_2,-6.1210938,0
2011-12-01,IPB51222S_diff_lag_2,-4.6696014,0
2012-01-01,IPB51222S_diff_lag_2,-6.0264053,0
2012-02-01,IPB51222S_diff_lag_2,-4.5138016,0
2012-03-01,IPB51222S_diff_lag_2,-4.9198,0
2012-04-01,IPB51222S_diff_lag_2,2.052803,0
2012-05-01,IPB51222S_diff_lag_2,14.722099,0
2012-06-01,IPB51222S_diff_lag_2,6.9598007,0
2012-07-01,IPB51222S_diff_lag_2,1.4754028,0
2012-08-01,IPB51222S_diff_lag_2,1.2661972,0
2012-09-01,IPB51222S_diff_lag_2,-3.5168,0
2012-10-01,IPB51222S_diff_lag_2,1.9267044,0
2012-11-01,IPB51222S_diff_lag_2,3.4141998,0
2012-12-01,IPB51222S_diff_lag_2,-8.860405,0
2013-01-01,IPB51222S_diff_lag_2,-5.2899017,0
2013-02-01,IPB51222S_diff_lag_2,2.8862991,0
2013-03-01,IPB51222S_diff_lag_2,9.074402,0
2013-04-01,IPB51222S_diff_lag_2,10.699005,0
2013-05-01,IPB51222S_diff_lag_2,-4.752701,0
2013-06-01,IPB51222S_diff_lag_2,-9.212105,0
2013-07-01,IPB51222S_diff_lag_2,-2.6674957,0
2013-08-01,IPB51222S_diff_lag_2,-1.0500946,0
2013-09-01,IPB51222S_diff_lag_2,1.9549942,0
2013-10-01,IPB51222S_diff_lag_2,5.450798,0
2013-11-01,IPB51222S_diff_lag_2,4.3666,0
2013-12-01,IPB51222S_diff_lag_2,8.673599,0
2014-01-01,IPB51222S_diff_lag_2,5.7857056,0
2014-02-01,IPB51222S_diff_lag_2,-0.43789673,0
2014-03-01,IPB51222S_diff_lag_2,-0.6945038,0
2014-04-01,IPB51222S_diff_lag_2,-6.6101074,0
2014-05-01,IPB51222S_diff_lag_2,-6.8992004,0
2014-06-01,IPB51222S_diff_lag_2,-5.6118927,0
2014-07-01,IPB51222S_diff_lag_2,-7.403099,0
2014-08-01,IPB51222S_diff_lag_2,-2.411003,0
2014-09-01,IPB51222S_diff_lag_2,5.032898,0
2014-10-01,IPB51222S_diff_lag_2,4.013199,0
2014-11-01,IPB51222S_diff_lag_2,7.5256042,0
2014-12-01,IPB51222S_diff_lag_2,2.2328033,0
2015-01-01,IPB51222S_diff_lag_2,-5.0494995,0
2015-02-01,IPB51222S_diff_lag_2,6.993294,0
2015-03-01,IPB51222S_diff_lag_2,6.8695984,0
2015-04-01,IPB51222S_diff_lag_2,-9.390297,0
2015-05-01,IPB51222S_diff_lag_2,-10.915901,0
2015-06-01,IPB51222S_diff_lag_2,-0.34300232,0
2015-07-01,IPB51222S_diff_lag_2,0.7342987,0
2015-08-01,IPB51222S_diff_lag_2,1.0105057,0
2015-09-01,IPB51222S_diff_lag_2,1.0241013,0
2015-10-01,IPB51222S_diff_lag_2,-1.3496017,0
2015-11-01,IPB51222S_diff_lag_2,-5.0502014,0
2015-12-01,IPB51222S_diff_lag_2,-7.0172043,0
2016-01-01,IPB51222S_diff_lag_2,2.0333023,0
2016-02-01,IPB51222S_diff_lag_2,5.3367004,0
2016-03-01,IPB51222S_diff_lag_2,-7.8496017,0
2016-04-01,IPB51222S_diff_lag_2,2.0547028,0
2016-05-01,IPB51222S_diff_lag_2,9.901398,0
2016-06-01,IPB51222S_diff_lag_2,2.3256989,0
2016-07-01,IPB51222S_diff_lag_2,3.5708008,0
2016-08-01,IPB51222S_diff_lag_2,3.7949982,0
2016-09-01,IPB51222S_diff_lag_2,-0.3498001,0
2016-10-01,IPB51222S_diff_lag_2,-7.9951935,0
2016-11-01,IPB51222S_diff_lag_2,-8.8638,0
2016-12-01,IPB51222S_diff_lag_2,7.895294,0
2017-01-01,IPB51222S_diff_lag_2,0.59220123,0
2017-02-01,IPB51222S_diff_lag_2,-22.298798,0
2017-03-01,IPB51222S_diff_lag_2,2.2574997,0
2017-04-01,IPB51222S_diff_lag_2,12.482002,0
2017-05-01,IPB51222S_diff_lag_2,5.703499,0
2017-06-01,IPB51222S_diff_lag_2,3.3012009,0
2017-07-01,IPB51222S_diff_lag_2,-2.6722946,0
2017-08-01,IPB51222S_diff_lag_2,-1.1263046,0
2017-09-01,IPB51222S_diff_lag_2,-2.5140991,0
2017-10-01,IPB51222S_diff_lag_2,2.0631027,0
2017-11-01,IPB51222S_diff_lag_2,6.269394,0
2017-12-01,IPB51222S_diff_lag_2,7.8921967,0
2018-01-01,IPB51222S_diff_lag_2,7.488304,0
2018-02-01,IPB51222S_diff_lag_2,-11.289795,0
2018-03-01,IPB51222S_diff_lag_2,-6.7472,0
2018-04-01,IPB51222S_diff_lag_2,18.563797,0
2018-05-01,IPB51222S_diff_lag_2,-1.9944,0
2018-06-01,IPB51222S_diff_lag_2,-12.247597,0
2018-07-01,IPB51222S_diff_lag_2,-0.3772049,0
2018-08-01,IPB51222S_diff_lag_2,0.41949463,0
2018-09-01,IPB51222S_diff_lag_2,2.0373,0
2018-10-01,IPB51222S_diff_lag_2,7.7429047,0
2018-11-01,IPB51222S_diff_lag_2,13.804405,0
2018-12-01,IPB51222S_diff_lag_2,-4.076706,0
2019-01-01,IPB51222S_diff_lag_2,-15.443802,0
2019-02-01,IPB51222S_diff_lag_2,2.3535004,0
2000-01-01,CAPGMFS_diff_lag_2,1.0307007,0
2000-02-01,CAPGMFS_diff_lag_2,1.0276031,0
2000-03-01,CAPGMFS_diff_lag_2,1.0255051,0
2000-04-01,CAPGMFS_diff_lag_2,1.0242996,0
2000-05-01,CAPGMFS_diff_lag_2,1.021698,0
2000-06-01,CAPGMFS_diff_lag_2,1.0183029,0
2000-07-01,CAPGMFS_diff_lag_2,1.0110016,0
2000-08-01,CAPGMFS_diff_lag_2,1.0049973,0
2000-09-01,CAPGMFS_diff_lag_2,1.001297,0
2000-10-01,CAPGMFS_diff_lag_2,0.995697,0
2000-11-01,CAPGMFS_diff_lag_2,0.983902,0
2000-12-01,CAPGMFS_diff_lag_2,0.96430206,0
2001-01-01,CAPGMFS_diff_lag_2,0.9460983,0
2001-02-01,CAPGMFS_diff_lag_2,0.9319,0
2001-03-01,CAPGMFS_diff_lag_2,0.9083023,0
2001-04-01,CAPGMFS_diff_lag_2,0.8640976,0
2001-05-01,CAPGMFS_diff_lag_2,0.8055954,0
2001-06-01,CAPGMFS_diff_lag_2,0.7425003,0
2001-07-01,CAPGMFS_diff_lag_2,0.6835022,0
2001-08-01,CAPGMFS_diff_lag_2,0.62880707,0
2001-09-01,CAPGMFS_diff_lag_2,0.5755997,0
2001-10-01,CAPGMFS_diff_lag_2,0.5213928,0
2001-11-01,CAPGMFS_diff_lag_2,0.4701004,0
2001-12-01,CAPGMFS_diff_lag_2,0.42360687,0
2002-01-01,CAPGMFS_diff_lag_2,0.38010406,0
2002-02-01,CAPGMFS_diff_lag_2,0.33649445,0
2002-03-01,CAPGMFS_diff_lag_2,0.2886963,0
2002-04-01,CAPGMFS_diff_lag_2,0.23930359,0
2002-05-01,CAPGMFS_diff_lag_2,0.19539642,0
2002-06-01,CAPGMFS_diff_lag_2,0.16149902,0
2002-07-01,CAPGMFS_diff_lag_2,0.13310242,0
2002-08-01,CAPGMFS_diff_lag_2,0.10990143,0
2002-09-01,CAPGMFS_diff_lag_2,0.09270477,0
2002-10-01,CAPGMFS_diff_lag_2,0.07839966,0
2002-11-01,CAPGMFS_diff_lag_2,0.06339264,0
2002-12-01,CAPGMFS_diff_lag_2,0.04789734,0
2003-01-01,CAPGMFS_diff_lag_2,0.032806396,0
2003-02-01,CAPGMFS_diff_lag_2,0.02130127,0
2003-03-01,CAPGMFS_diff_lag_2,0.0126953125,0
2003-04-01,CAPGMFS_diff_lag_2,0.0025024414,0
2003-05-01,CAPGMFS_diff_lag_2,-0.007797241,0
2003-06-01,CAPGMFS_diff_lag_2,-0.018104553,0
2003-07-01,CAPGMFS_diff_lag_2,-0.029197693,0
2003-08-01,CAPGMFS_diff_lag_2,-0.040901184,0
2003-09-01,CAPGMFS_diff_lag_2,-0.052604675,0
2003-10-01,CAPGMFS_diff_lag_2,-0.06439972,0
2003-11-01,CAPGMFS_diff_lag_2,-0.07559967,0
2003-12-01,CAPGMFS_diff_lag_2,-0.08480072,0
2004-01-01,CAPGMFS_diff_lag_2,-0.09259796,0
2004-02-01,CAPGMFS_diff_lag_2,-0.09789276,0
2004-03-01,CAPGMFS_diff_lag_2,-0.099098206,0
2004-04-01,CAPGMFS_diff_lag_2,-0.09440613,0
2004-05-01,CAPGMFS_diff_lag_2,-0.08000183,0
2004-06-01,CAPGMFS_diff_lag_2,-0.05419922,0
2004-07-01,CAPGMFS_diff_lag_2,-0.018798828,0
2004-08-01,CAPGMFS_diff_lag_2,0.02519989,0
2004-09-01,CAPGMFS_diff_lag_2,0.07849884,0
2004-10-01,CAPGMFS_diff_lag_2,0.13819885,0
2004-11-01,CAPGMFS_diff_lag_2,0.2004013,0
2004-12-01,CAPGMFS_diff_lag_2,0.26129913,0
2005-01-01,CAPGMFS_diff_lag_2,0.3179016,0
2005-02-01,CAPGMFS_diff_lag_2,0.37599945,0
2005-03-01,CAPGMFS_diff_lag_2,0.43149567,0
2005-04-01,CAPGMFS_diff_lag_2,0.4741974,0
2005-05-01,CAPGMFS_diff_lag_2,0.50790405,0
2005-06-01,CAPGMFS_diff_lag_2,0.5349121,0
2005-07-01,CAPGMFS_diff_lag_2,0.5493927,0
2005-08-01,CAPGMFS_diff_lag_2,0.5494995,0
2005-09-01,CAPGMFS_diff_lag_2,0.53900146,0
2005-10-01,CAPGMFS_diff_lag_2,0.52119446,0
2005-11-01,CAPGMFS_diff_lag_2,0.4988098,0
2005-12-01,CAPGMFS_diff_lag_2,0.47380066,0
2006-01-01,CAPGMFS_diff_lag_2,0.44869995,0
2006-02-01,CAPGMFS_diff_lag_2,0.42430115,0
2006-03-01,CAPGMFS_diff_lag_2,0.40359497,0
2006-04-01,CAPGMFS_diff_lag_2,0.39100647,0
2006-05-01,CAPGMFS_diff_lag_2,0.39039612,0
2006-06-01,CAPGMFS_diff_lag_2,0.40319824,0
2006-07-01,CAPGMFS_diff_lag_2,0.4244995,0
2006-08-01,CAPGMFS_diff_lag_2,0.45588684,0
2006-09-01,CAPGMFS_diff_lag_2,0.49620056,0
2006-10-01,CAPGMFS_diff_lag_2,0.540802,0
2006-11-01,CAPGMFS_diff_lag_2,0.5876007,0
2006-12-01,CAPGMFS_diff_lag_2,0.6311035,0
2007-01-01,CAPGMFS_diff_lag_2,0.67089844,0
2007-02-01,CAPGMFS_diff_lag_2,0.70880127,0
2007-03-01,CAPGMFS_diff_lag_2,0.743103,0
2007-04-01,CAPGMFS_diff_lag_2,0.7687988,0
2007-05-01,CAPGMFS_diff_lag_2,0.7817993,0
2007-06-01,CAPGMFS_diff_lag_2,0.7801056,0
2007-07-01,CAPGMFS_diff_lag_2,0.75779724,0
2007-08-01,CAPGMFS_diff_lag_2,0.71469116,0
2007-09-01,CAPGMFS_diff_lag_2,0.65670776,0
2007-10-01,CAPGMFS_diff_lag_2,0.5858002,0
2007-11-01,CAPGMFS_diff_lag_2,0.50309753,0
2007-12-01,CAPGMFS_diff_lag_2,0.41149902,0
2008-01-01,CAPGMFS_diff_lag_2,0.31430054,0
2008-02-01,CAPGMFS_diff_lag_2,0.21279907,0
2008-03-01,CAPGMFS_diff_lag_2,0.11129761,0
2008-04-01,CAPGMFS_diff_lag_2,0.016311646,0
2008-05-01,CAPGMFS_diff_lag_2,-0.06440735,0
2008-06-01,CAPGMFS_diff_lag_2,-0.12820435,0
2008-07-01,CAPGMFS_diff_lag_2,-0.17788696,0
2008-08-01,CAPGMFS_diff_lag_2,-0.21499634,0
2008-09-01,CAPGMFS_diff_lag_2,-0.24650574,0
2008-10-01,CAPGMFS_diff_lag_2,-0.27560425,0
2008-11-01,CAPGMFS_diff_lag_2,-0.3032074,0
2008-12-01,CAPGMFS_diff_lag_2,-0.32839966,0
2009-01-01,CAPGMFS_diff_lag_2,-0.34739685,0
2009-02-01,CAPGMFS_diff_lag_2,-0.36660767,0
2009-03-01,CAPGMFS_diff_lag_2,-0.38259888,0
2009-04-01,CAPGMFS_diff_lag_2,-0.38659668,0
2009-05-01,CAPGMFS_diff_lag_2,-0.38839722,0
2009-06-01,CAPGMFS_diff_lag_2,-0.39369202,0
2009-07-01,CAPGMFS_diff_lag_2,-0.3959961,0
2009-08-01,CAPGMFS_diff_lag_2,-0.39520264,0
2009-09-01,CAPGMFS_diff_lag_2,-0.3968048,0
2009-10-01,CAPGMFS_diff_lag_2,-0.4013977,0
2009-11-01,CAPGMFS_diff_lag_2,-0.40660095,0
2009-12-01,CAPGMFS_diff_lag_2,-0.41200256,0
2010-01-01,CAPGMFS_diff_lag_2,-0.41879272,0
2010-02-01,CAPGMFS_diff_lag_2,-0.43060303,0
2010-03-01,CAPGMFS_diff_lag_2,-0.44509888,0
2010-04-01,CAPGMFS_diff_lag_2,-0.456604,0
2010-05-01,CAPGMFS_diff_lag_2,-0.4650116,0
2010-06-01,CAPGMFS_diff_lag_2,-0.4697876,0
2010-07-01,CAPGMFS_diff_lag_2,-0.46679688,0
2010-08-01,CAPGMFS_diff_lag_2,-0.455307,0
2010-09-01,CAPGMFS_diff_lag_2,-0.43589783,0
2010-10-01,CAPGMFS_diff_lag_2,-0.40890503,0
2010-11-01,CAPGMFS_diff_lag_2,-0.3757019,0
2010-12-01,CAPGMFS_diff_lag_2,-0.3360901,0
2011-01-01,CAPGMFS_diff_lag_2,-0.29170227,0
2011-02-01,CAPGMFS_diff_lag_2,-0.23910522,0
2011-03-01,CAPGMFS_diff_lag_2,-0.18009949,0
2011-04-01,CAPGMFS_diff_lag_2,-0.12019348,0
2011-05-01,CAPGMFS_diff_lag_2,-0.056793213,0
2011-06-01,CAPGMFS_diff_lag_2,0.010101318,0
2011-07-01,CAPGMFS_diff_lag_2,0.07759094,0
2011-08-01,CAPGMFS_diff_lag_2,0.14118958,0
2011-09-01,CAPGMFS_diff_lag_2,0.19670105,0
2011-10-01,CAPGMFS_diff_lag_2,0.24369812,0
2011-11-01,CAPGMFS_diff_lag_2,0.28300476,0
2011-12-01,CAPGMFS_diff_lag_2,0.31440735,0
2012-01-01,CAPGMFS_diff_lag_2,0.3383026,0
2012-02-01,CAPGMFS_diff_lag_2,0.3544922,0
2012-03-01,CAPGMFS_diff_lag_2,0.36408997,0
2012-04-01,CAPGMFS_diff_lag_2,0.36891174,0
2012-05-01,CAPGMFS_diff_lag_2,0.3697052,0
2012-06-01,CAPGMFS_diff_lag_2,0.36740112,0
2012-07-01,CAPGMFS_diff_lag_2,0.3619995,0
2012-08-01,CAPGMFS_diff_lag_2,0.35809326,0
2012-09-01,CAPGMFS_diff_lag_2,0.35690308,0
2012-10-01,CAPGMFS_diff_lag_2,0.35429382,0
2012-11-01,CAPGMFS_diff_lag_2,0.34829712,0
2012-12-01,CAPGMFS_diff_lag_2,0.33711243,0
2013-01-01,CAPGMFS_diff_lag_2,0.32099915,0
2013-02-01,CAPGMFS_diff_lag_2,0.30018616,0
2013-03-01,CAPGMFS_diff_lag_2,0.27549744,0
2013-04-01,CAPGMFS_diff_lag_2,0.24821472,0
2013-05-01,CAPGMFS_diff_lag_2,0.22000122,0
2013-06-01,CAPGMFS_diff_lag_2,0.19239807,0
2013-07-01,CAPGMFS_diff_lag_2,0.165802,0
2013-08-01,CAPGMFS_diff_lag_2,0.14408875,0
2013-09-01,CAPGMFS_diff_lag_2,0.126297,0
2013-10-01,CAPGMFS_diff_lag_2,0.108810425,0
2013-11-01,CAPGMFS_diff_lag_2,0.09069824,0
2013-12-01,CAPGMFS_diff_lag_2,0.071502686,0
2014-01-01,CAPGMFS_diff_lag_2,0.052612305,0
2014-02-01,CAPGMFS_diff_lag_2,0.030593872,0
2014-03-01,CAPGMFS_diff_lag_2,0.0072021484,0
2014-04-01,CAPGMFS_diff_lag_2,-0.013000488,0
2014-05-01,CAPGMFS_diff_lag_2,-0.034103394,0
2014-06-01,CAPGMFS_diff_lag_2,-0.057907104,0
2014-07-01,CAPGMFS_diff_lag_2,-0.08320618,0
2014-08-01,CAPGMFS_diff_lag_2,-0.1098938,0
2014-09-01,CAPGMFS_diff_lag_2,-0.13670349,0
2014-10-01,CAPGMFS_diff_lag_2,-0.16020203,0
2014-11-01,CAPGMFS_diff_lag_2,-0.17819214,0
2014-12-01,CAPGMFS_diff_lag_2,-0.18980408,0
2015-01-01,CAPGMFS_diff_lag_2,-0.19459534,0
2015-02-01,CAPGMFS_diff_lag_2,-0.19309998,0
2015-03-01,CAPGMFS_diff_lag_2,-0.18450928,0
2015-04-01,CAPGMFS_diff_lag_2,-0.16719055,0
2015-05-01,CAPGMFS_diff_lag_2,-0.1407013,0
2015-06-01,CAPGMFS_diff_lag_2,-0.10520935,0
2015-07-01,CAPGMFS_diff_lag_2,-0.060897827,0
2015-08-01,CAPGMFS_diff_lag_2,-0.010391235,0
2015-09-01,CAPGMFS_diff_lag_2,0.040908813,0
2015-10-01,CAPGMFS_diff_lag_2,0.09100342,0
2015-11-01,CAPGMFS_diff_lag_2,0.13999939,0
2015-12-01,CAPGMFS_diff_lag_2,0.18579102,0
2016-01-01,CAPGMFS_diff_lag_2,0.22799683,0
2016-02-01,CAPGMFS_diff_lag_2,0.26490784,0
2016-03-01,CAPGMFS_diff_lag_2,0.29589844,0
2016-04-01,CAPGMFS_diff_lag_2,0.32170105,0
2016-05-01,CAPGMFS_diff_lag_2,0.33920288,0
2016-06-01,CAPGMFS_diff_lag_2,0.34739685,0
2016-07-01,CAPGMFS_diff_lag_2,0.34629822,0
2016-08-01,CAPGMFS_diff_lag_2,0.33670044,0
2016-09-01,CAPGMFS_diff_lag_2,0.3204956,0
2016-10-01,CAPGMFS_diff_lag_2,0.29890442,0
2016-11-01,CAPGMFS_diff_lag_2,0.27320862,0
2016-12-01,CAPGMFS_diff_lag_2,0.2441864,0
2017-01-01,CAPGMFS_diff_lag_2,0.21199036,0
2017-02-01,CAPGMFS_diff_lag_2,0.17980957,0
2017-03-01,CAPGMFS_diff_lag_2,0.14979553,0
2017-04-01,CAPGMFS_diff_lag_2,0.12049866,0
2017-05-01,CAPGMFS_diff_lag_2,0.09541321,0
2017-06-01,CAPGMFS_diff_lag_2,0.0769043,0
2017-07-01,CAPGMFS_diff_lag_2,0.06298828,0
2017-08-01,CAPGMFS_diff_lag_2,0.054397583,0
2017-09-01,CAPGMFS_diff_lag_2,0.05281067,0
2017-10-01,CAPGMFS_diff_lag_2,0.056793213,0
2017-11-01,CAPGMFS_diff_lag_2,0.06478882,0
2017-12-01,CAPGMFS_diff_lag_2,0.075805664,0
2018-01-01,CAPGMFS_diff_lag_2,0.08860779,0
2018-02-01,CAPGMFS_diff_lag_2,0.1053009,0
2018-03-01,CAPGMFS_diff_lag_2,0.12449646,0
2018-04-01,CAPGMFS_diff_lag_2,0.14250183,0
2018-05-01,CAPGMFS_diff_lag_2,0.16160583,0
2018-06-01,CAPGMFS_diff_lag_2,0.18309021,0
2018-07-01,CAPGMFS_diff_lag_2,0.20410156,0
2018-08-01,CAPGMFS_diff_lag_2,0.2236023,0
2018-09-01,CAPGMFS_diff_lag_2,0.24229431,0
2018-10-01,CAPGMFS_diff_lag_2,0.25950623,0
2018-11-01,CAPGMFS_diff_lag_2,0.2749939,0
2018-12-01,CAPGMFS_diff_lag_2,0.28819275,0
2019-01-01,CAPGMFS_diff_lag_2,0.29910278,0
2019-02-01,CAPGMFS_diff_lag_2,0.308609,0
2000-01-01,NHSDPC_diff_lag_1,1.0,0
2000-02-01,NHSDPC_diff_lag_1,3.0,0
2000-03-01,NHSDPC_diff_lag_1,0.0,0
2000-04-01,NHSDPC_diff_lag_1,0.0,0
2000-05-01,NHSDPC_diff_lag_1,-1.0,0
2000-06-01,NHSDPC_diff_lag_1,1.0,0
2000-07-01,NHSDPC_diff_lag_1,3.0,0
2000-08-01,NHSDPC_diff_lag_1,-5.0,0
2000-09-01,NHSDPC_diff_lag_1,3.0,0
2000-10-01,NHSDPC_diff_lag_1,-1.0,0
2000-11-01,NHSDPC_diff_lag_1,-2.0,0
2000-12-01,NHSDPC_diff_lag_1,4.0,0
2001-01-01,NHSDPC_diff_lag_1,-1.0,0
2001-02-01,NHSDPC_diff_lag_1,-1.0,0
2001-03-01,NHSDPC_diff_lag_1,5.0,0
2001-04-01,NHSDPC_diff_lag_1,-5.0,0
2001-05-01,NHSDPC_diff_lag_1,0.0,0
2001-06-01,NHSDPC_diff_lag_1,0.0,0
2001-07-01,NHSDPC_diff_lag_1,2.0,0
2001-08-01,NHSDPC_diff_lag_1,-2.0,0
2001-09-01,NHSDPC_diff_lag_1,-1.0,0
2001-10-01,NHSDPC_diff_lag_1,1.0,0
2001-11-01,NHSDPC_diff_lag_1,2.0,0
2001-12-01,NHSDPC_diff_lag_1,-2.0,0
2002-01-01,NHSDPC_diff_lag_1,-2.0,0
2002-02-01,NHSDPC_diff_lag_1,3.0,0
2002-03-01,NHSDPC_diff_lag_1,2.0,0
2002-04-01,NHSDPC_diff_lag_1,-3.0,0
2002-05-01,NHSDPC_diff_lag_1,4.0,0
2002-06-01,NHSDPC_diff_lag_1,-3.0,0
2002-07-01,NHSDPC_diff_lag_1,4.0,0
2002-08-01,NHSDPC_diff_lag_1,0.0,0
2002-09-01,NHSDPC_diff_lag_1,-2.0,0
2002-10-01,NHSDPC_diff_lag_1,0.0,0
2002-11-01,NHSDPC_diff_lag_1,0.0,0
2002-12-01,NHSDPC_diff_lag_1,0.0,0
2003-01-01,NHSDPC_diff_lag_1,-2.0,0
2003-02-01,NHSDPC_diff_lag_1,0.0,0
2003-03-01,NHSDPC_diff_lag_1,5.0,0
2003-04-01,NHSDPC_diff_lag_1,-3.0,0
2003-05-01,NHSDPC_diff_lag_1,2.0,0
2003-06-01,NHSDPC_diff_lag_1,2.0,0
2003-07-01,NHSDPC_diff_lag_1,-2.0,0
2003-08-01,NHSDPC_diff_lag_1,1.0,0
2003-09-01,NHSDPC_diff_lag_1,-2.0,0
2003-10-01,NHSDPC_diff_lag_1,-2.0,0
2003-11-01,NHSDPC_diff_lag_1,-2.0,0
2003-12-01,NHSDPC_diff_lag_1,-1.0,0
2004-01-01,NHSDPC_diff_lag_1,1.0,0
2004-02-01,NHSDPC_diff_lag_1,5.0,0
2004-03-01,NHSDPC_diff_lag_1,5.0,0
2004-04-01,NHSDPC_diff_lag_1,-9.0,0
2004-05-01,NHSDPC_diff_lag_1,7.0,0
2004-06-01,NHSDPC_diff_lag_1,0.0,0
2004-07-01,NHSDPC_diff_lag_1,-6.0,0
2004-08-01,NHSDPC_diff_lag_1,5.0,0
2004-09-01,NHSDPC_diff_lag_1,-1.0,0
2004-10-01,NHSDPC_diff_lag_1,-5.0,0
2004-11-01,NHSDPC_diff_lag_1,1.0,0
2004-12-01,NHSDPC_diff_lag_1,0.0,0
2005-01-01,NHSDPC_diff_lag_1,-2.0,0
2005-02-01,NHSDPC_diff_lag_1,5.0,0
2005-03-01,NHSDPC_diff_lag_1,5.0,0
2005-04-01,NHSDPC_diff_lag_1,-1.0,0
2005-05-01,NHSDPC_diff_lag_1,4.0,0
2005-06-01,NHSDPC_diff_lag_1,-1.0,0
2005-07-01,NHSDPC_diff_lag_1,-4.0,0
2005-08-01,NHSDPC_diff_lag_1,-2.0,0
2005-09-01,NHSDPC_diff_lag_1,0.0,0
2005-10-01,NHSDPC_diff_lag_1,0.0,0
2005-11-01,NHSDPC_diff_lag_1,-2.0,0
2005-12-01,NHSDPC_diff_lag_1,3.0,0
2006-01-01,NHSDPC_diff_lag_1,-5.0,0
2006-02-01,NHSDPC_diff_lag_1,1.0,0
2006-03-01,NHSDPC_diff_lag_1,9.0,0
2006-04-01,NHSDPC_diff_lag_1,-3.0,0
2006-05-01,NHSDPC_diff_lag_1,6.0,0
2006-06-01,NHSDPC_diff_lag_1,-4.0,0
2006-07-01,NHSDPC_diff_lag_1,-3.0,0
2006-08-01,NHSDPC_diff_lag_1,1.0,0
2006-09-01,NHSDPC_diff_lag_1,1.0,0
2006-10-01,NHSDPC_diff_lag_1,-1.0,0
2006-11-01,NHSDPC_diff_lag_1,0.0,0
2006-12-01,NHSDPC_diff_lag_1,2.0,0
2007-01-01,NHSDPC_diff_lag_1,-6.0,0
2007-02-01,NHSDPC_diff_lag_1,0.0,0
2007-03-01,NHSDPC_diff_lag_1,6.0,0
2007-04-01,NHSDPC_diff_lag_1,1.0,0
2007-05-01,NHSDPC_diff_lag_1,1.0,0
2007-06-01,NHSDPC_diff_lag_1,-3.0,0
2007-07-01,NHSDPC_diff_lag_1,1.0,0
2007-08-01,NHSDPC_diff_lag_1,-3.0,0
2007-09-01,NHSDPC_diff_lag_1,-1.0,0
2007-10-01,NHSDPC_diff_lag_1,1.0,0
2007-11-01,NHSDPC_diff_lag_1,-2.0,0
2007-12-01,NHSDPC_diff_lag_1,-3.0,0
2008-01-01,NHSDPC_diff_lag_1,0.0,0
2008-02-01,NHSDPC_diff_lag_1,3.0,0
2008-03-01,NHSDPC_diff_lag_1,0.0,0
2008-04-01,NHSDPC_diff_lag_1,-3.0,0
2008-05-01,NHSDPC_diff_lag_1,0.0,0
2008-06-01,NHSDPC_diff_lag_1,0.0,0
2008-07-01,NHSDPC_diff_lag_1,-1.0,0
2008-08-01,NHSDPC_diff_lag_1,-2.0,0
2008-09-01,NHSDPC_diff_lag_1,0.0,0
2008-10-01,NHSDPC_diff_lag_1,-1.0,0
2008-11-01,NHSDPC_diff_lag_1,-2.0,0
2008-12-01,NHSDPC_diff_lag_1,0.0,0
2009-01-01,NHSDPC_diff_lag_1,-3.0,0
2009-02-01,NHSDPC_diff_lag_1,3.0,0
2009-03-01,NHSDPC_diff_lag_1,1.0,0
2009-04-01,NHSDPC_diff_lag_1,0.0,0
2009-05-01,NHSDPC_diff_lag_1,-1.0,0
2009-06-01,NHSDPC_diff_lag_1,2.0,0
2009-07-01,NHSDPC_diff_lag_1,0.0,0
2009-08-01,NHSDPC_diff_lag_1,-2.0,0
2009-09-01,NHSDPC_diff_lag_1,-1.0,0
2009-10-01,NHSDPC_diff_lag_1,1.0,0
2009-11-01,NHSDPC_diff_lag_1,-4.0,0
2009-12-01,NHSDPC_diff_lag_1,-1.0,0
2010-01-01,NHSDPC_diff_lag_1,-2.0,0
2010-02-01,NHSDPC_diff_lag_1,2.0,0
2010-03-01,NHSDPC_diff_lag_1,3.0,0
2010-04-01,NHSDPC_diff_lag_1,5.0,0
2010-05-01,NHSDPC_diff_lag_1,-6.0,0
2010-06-01,NHSDPC_diff_lag_1,1.0,0
2010-07-01,NHSDPC_diff_lag_1,-1.0,0
2010-08-01,NHSDPC_diff_lag_1,-2.0,0
2010-09-01,NHSDPC_diff_lag_1,1.0,0
2010-10-01,NHSDPC_diff_lag_1,0.0,0
2010-11-01,NHSDPC_diff_lag_1,0.0,0
2010-12-01,NHSDPC_diff_lag_1,0.0,0
2011-01-01,NHSDPC_diff_lag_1,-3.0,0
2011-02-01,NHSDPC_diff_lag_1,1.0,0
2011-03-01,NHSDPC_diff_lag_1,3.0,0
2011-04-01,NHSDPC_diff_lag_1,2.0,0
2011-05-01,NHSDPC_diff_lag_1,-3.0,0
2011-06-01,NHSDPC_diff_lag_1,1.0,0
2011-07-01,NHSDPC_diff_lag_1,-2.0,0
2011-08-01,NHSDPC_diff_lag_1,0.0,0
2011-09-01,NHSDPC_diff_lag_1,0.0,0
2011-10-01,NHSDPC_diff_lag_1,1.0,0
2011-11-01,NHSDPC_diff_lag_1,-1.0,0
2011-12-01,NHSDPC_diff_lag_1,1.0,0
2012-01-01,NHSDPC_diff_lag_1,-2.0,0
2012-02-01,NHSDPC_diff_lag_1,1.0,0
2012-03-01,NHSDPC_diff_lag_1,2.0,0
2012-04-01,NHSDPC_diff_lag_1,-1.0,0
2012-05-01,NHSDPC_diff_lag_1,0.0,0
2012-06-01,NHSDPC_diff_lag_1,-1.0,0
2012-07-01,NHSDPC_diff_lag_1,1.0,0
2012-08-01,NHSDPC_diff_lag_1,-2.0,0
2012-09-01,NHSDPC_diff_lag_1,0.0,0
2012-10-01,NHSDPC_diff_lag_1,0.0,0
2012-11-01,NHSDPC_diff_lag_1,0.0,0
2012-12-01,NHSDPC_diff_lag_1,0.0,0
2013-01-01,NHSDPC_diff_lag_1,1.0,0
2013-02-01,NHSDPC_diff_lag_1,-1.0,0
2013-03-01,NHSDPC_diff_lag_1,3.0,0
2013-04-01,NHSDPC_diff_lag_1,0.0,0
2013-05-01,NHSDPC_diff_lag_1,0.0,0
2013-06-01,NHSDPC_diff_lag_1,0.0,0
2013-07-01,NHSDPC_diff_lag_1,-4.0,0
2013-08-01,NHSDPC_diff_lag_1,1.0,0
2013-09-01,NHSDPC_diff_lag_1,0.0,0
2013-10-01,NHSDPC_diff_lag_1,2.0,0
2013-11-01,NHSDPC_diff_lag_1,-1.0,0
2013-12-01,NHSDPC_diff_lag_1,-1.0,0
2014-01-01,NHSDPC_diff_lag_1,0.0,0
2014-02-01,NHSDPC_diff_lag_1,2.0,0
2014-03-01,NHSDPC_diff_lag_1,-1.0,0
2014-04-01,NHSDPC_diff_lag_1,1.0,0
2014-05-01,NHSDPC_diff_lag_1,2.0,0
2014-06-01,NHSDPC_diff_lag_1,-1.0,0
2014-07-01,NHSDPC_diff_lag_1,-2.0,0
2014-08-01,NHSDPC_diff_lag_1,1.0,0
2014-09-01,NHSDPC_diff_lag_1,0.0,0
2014-10-01,NHSDPC_diff_lag_1,1.0,0
2014-11-01,NHSDPC_diff_lag_1,-3.0,0
2014-12-01,NHSDPC_diff_lag_1,5.0,0
2015-01-01,NHSDPC_diff_lag_1,0.0,0
2015-02-01,NHSDPC_diff_lag_1,0.0,0
2015-03-01,NHSDPC_diff_lag_1,1.0,0
2015-04-01,NHSDPC_diff_lag_1,0.0,0
2015-05-01,NHSDPC_diff_lag_1,-1.0,0
2015-06-01,NHSDPC_diff_lag_1,-1.0,0
2015-07-01,NHSDPC_diff_lag_1,0.0,0
2015-08-01,NHSDPC_diff_lag_1,0.0,0
2015-09-01,NHSDPC_diff_lag_1,-3.0,0
2015-10-01,NHSDPC_diff_lag_1,1.0,0
2015-11-01,NHSDPC_diff_lag_1,-1.0,0
2015-12-01,NHSDPC_diff_lag_1,2.0,0
2016-01-01,NHSDPC_diff_lag_1,-1.0,0
2016-02-01,NHSDPC_diff_lag_1,3.0,0
2016-03-01,NHSDPC_diff_lag_1,0.0,0
2016-04-01,NHSDPC_diff_lag_1,2.0,0
2016-05-01,NHSDPC_diff_lag_1,0.0,0
2016-06-01,NHSDPC_diff_lag_1,0.0,0
2016-07-01,NHSDPC_diff_lag_1,0.0,0
2016-08-01,NHSDPC_diff_lag_1,-3.0,0
2016-09-01,NHSDPC_diff_lag_1,0.0,0
2016-10-01,NHSDPC_diff_lag_1,3.0,0
2016-11-01,NHSDPC_diff_lag_1,-2.0,0
2016-12-01,NHSDPC_diff_lag_1,-1.0,0
2017-01-01,NHSDPC_diff_lag_1,1.0,0
2017-02-01,NHSDPC_diff_lag_1,2.0,0
2017-03-01,NHSDPC_diff_lag_1,4.0,0
2017-04-01,NHSDPC_diff_lag_1,-4.0,0
2017-05-01,NHSDPC_diff_lag_1,1.0,0
2017-06-01,NHSDPC_diff_lag_1,0.0,0
2017-07-01,NHSDPC_diff_lag_1,-2.0,0
2017-08-01,NHSDPC_diff_lag_1,0.0,0
2017-09-01,NHSDPC_diff_lag_1,1.0,0
2017-10-01,NHSDPC_diff_lag_1,1.0,0
2017-11-01,NHSDPC_diff_lag_1,-1.0,0
2017-12-01,NHSDPC_diff_lag_1,2.0,0
2018-01-01,NHSDPC_diff_lag_1,-2.0,0
2018-02-01,NHSDPC_diff_lag_1,1.0,0
2018-03-01,NHSDPC_diff_lag_1,5.0,0
2018-04-01,NHSDPC_diff_lag_1,-3.0,0
2018-05-01,NHSDPC_diff_lag_1,3.0,0
2018-06-01,NHSDPC_diff_lag_1,-4.0,0
2018-07-01,NHSDPC_diff_lag_1,-3.0,0
2018-08-01,NHSDPC_diff_lag_1,1.0,0
2018-09-01,NHSDPC_diff_lag_1,-1.0,0
2018-10-01,NHSDPC_diff_lag_1,-1.0,0
2018-11-01,NHSDPC_diff_lag_1,2.0,0
2018-12-01,NHSDPC_diff_lag_1,0.0,0
2019-01-01,NHSDPC_diff_lag_1,2.0,0
2019-02-01,NHSDPC_diff_lag_1,3.0,0
