reference_date,series_code,value,IsTarget
2000-01-01,BOPTIMP_diff_lag_1,1254.0,1
2000-02-01,BOPTIMP_diff_lag_1,3338.0,1
2000-03-01,BOPTIMP_diff_lag_1,2452.0,1
2000-04-01,BOPTIMP_diff_lag_1,-868.0,1
2000-05-01,BOPTIMP_diff_lag_1,175.0,1
2000-06-01,BOPTIMP_diff_lag_1,3907.0,1
2000-07-01,BOPTIMP_diff_lag_1,111.0,1
2000-08-01,BOPTIMP_diff_lag_1,611.0,1
2000-09-01,BOPTIMP_diff_lag_1,3906.0,1
2000-10-01,BOPTIMP_diff_lag_1,-1631.0,1
2000-11-01,BOPTIMP_diff_lag_1,-738.0,1
2000-12-01,BOPTIMP_diff_lag_1,-111.0,1
2001-01-01,BOPTIMP_diff_lag_1,1263.0,1
2001-02-01,BOPTIMP_diff_lag_1,-5618.0,1
2001-03-01,BOPTIMP_diff_lag_1,1656.0,1
2001-04-01,BOPTIMP_diff_lag_1,-3220.0,1
2001-05-01,BOPTIMP_diff_lag_1,-3264.0,1
2001-06-01,BOPTIMP_diff_lag_1,-527.0,1
2001-07-01,BOPTIMP_diff_lag_1,-1261.0,1
2001-08-01,BOPTIMP_diff_lag_1,-956.0,1
2001-09-01,BOPTIMP_diff_lag_1,-3450.0,1
2001-10-01,BOPTIMP_diff_lag_1,214.0,1
2001-11-01,BOPTIMP_diff_lag_1,-987.0,1
2001-12-01,BOPTIMP_diff_lag_1,-3117.0,1
2002-01-01,BOPTIMP_diff_lag_1,3657.0,1
2002-02-01,BOPTIMP_diff_lag_1,2892.0,1
2002-03-01,BOPTIMP_diff_lag_1,-742.0,1
2002-04-01,BOPTIMP_diff_lag_1,4792.0,1
2002-05-01,BOPTIMP_diff_lag_1,428.0,1
2002-06-01,BOPTIMP_diff_lag_1,1996.0,1
2002-07-01,BOPTIMP_diff_lag_1,-955.0,1
2002-08-01,BOPTIMP_diff_lag_1,2479.0,1
2002-09-01,BOPTIMP_diff_lag_1,98.0,1
2002-10-01,BOPTIMP_diff_lag_1,-2064.0,1
2002-11-01,BOPTIMP_diff_lag_1,5466.0,1
2002-12-01,BOPTIMP_diff_lag_1,1646.0,1
2003-01-01,BOPTIMP_diff_lag_1,-1461.0,1
2003-02-01,BOPTIMP_diff_lag_1,-708.0,1
2003-03-01,BOPTIMP_diff_lag_1,3793.0,1
2003-04-01,BOPTIMP_diff_lag_1,-2518.0,1
2003-05-01,BOPTIMP_diff_lag_1,-466.0,1
2003-06-01,BOPTIMP_diff_lag_1,1302.0,1
2003-07-01,BOPTIMP_diff_lag_1,2482.0,1
2003-08-01,BOPTIMP_diff_lag_1,-2686.0,1
2003-09-01,BOPTIMP_diff_lag_1,3881.0,1
2003-10-01,BOPTIMP_diff_lag_1,1536.0,1
2003-11-01,BOPTIMP_diff_lag_1,889.0,1
2003-12-01,BOPTIMP_diff_lag_1,3873.0,1
2004-01-01,BOPTIMP_diff_lag_1,180.0,1
2004-02-01,BOPTIMP_diff_lag_1,3796.0,1
2004-03-01,BOPTIMP_diff_lag_1,4799.0,1
2004-04-01,BOPTIMP_diff_lag_1,229.0,1
2004-05-01,BOPTIMP_diff_lag_1,2196.0,1
2004-06-01,BOPTIMP_diff_lag_1,4127.0,1
2004-07-01,BOPTIMP_diff_lag_1,-1788.0,1
2004-08-01,BOPTIMP_diff_lag_1,2458.0,1
2004-09-01,BOPTIMP_diff_lag_1,-460.0,1
2004-10-01,BOPTIMP_diff_lag_1,4969.0,1
2004-11-01,BOPTIMP_diff_lag_1,3618.0,1
2004-12-01,BOPTIMP_diff_lag_1,-1592.0,1
2005-01-01,BOPTIMP_diff_lag_1,1860.0,1
2005-02-01,BOPTIMP_diff_lag_1,2701.0,1
2005-03-01,BOPTIMP_diff_lag_1,-3897.0,1
2005-04-01,BOPTIMP_diff_lag_1,6556.0,1
2005-05-01,BOPTIMP_diff_lag_1,-1485.0,1
2005-06-01,BOPTIMP_diff_lag_1,2079.0,1
2005-07-01,BOPTIMP_diff_lag_1,168.0,1
2005-08-01,BOPTIMP_diff_lag_1,1643.0,1
2005-09-01,BOPTIMP_diff_lag_1,5423.0,1
2005-10-01,BOPTIMP_diff_lag_1,4720.0,1
2005-11-01,BOPTIMP_diff_lag_1,-1782.0,1
2005-12-01,BOPTIMP_diff_lag_1,2897.0,1
2006-01-01,BOPTIMP_diff_lag_1,4098.0,1
2006-02-01,BOPTIMP_diff_lag_1,-3238.0,1
2006-03-01,BOPTIMP_diff_lag_1,2343.0,1
2006-04-01,BOPTIMP_diff_lag_1,670.0,1
2006-05-01,BOPTIMP_diff_lag_1,3928.0,1
2006-06-01,BOPTIMP_diff_lag_1,90.0,1
2006-07-01,BOPTIMP_diff_lag_1,794.0,1
2006-08-01,BOPTIMP_diff_lag_1,3816.0,1
2006-09-01,BOPTIMP_diff_lag_1,-1647.0,1
2006-10-01,BOPTIMP_diff_lag_1,-3861.0,1
2006-11-01,BOPTIMP_diff_lag_1,1384.0,1
2006-12-01,BOPTIMP_diff_lag_1,4129.0,1
2007-01-01,BOPTIMP_diff_lag_1,-2415.0,1
2007-02-01,BOPTIMP_diff_lag_1,-857.0,1
2007-03-01,BOPTIMP_diff_lag_1,8053.0,1
2007-04-01,BOPTIMP_diff_lag_1,-1958.0,1
2007-05-01,BOPTIMP_diff_lag_1,1498.0,1
2007-06-01,BOPTIMP_diff_lag_1,1644.0,1
2007-07-01,BOPTIMP_diff_lag_1,1364.0,1
2007-08-01,BOPTIMP_diff_lag_1,12.0,1
2007-09-01,BOPTIMP_diff_lag_1,1580.0,1
2007-10-01,BOPTIMP_diff_lag_1,2204.0,1
2007-11-01,BOPTIMP_diff_lag_1,4816.0,1
2007-12-01,BOPTIMP_diff_lag_1,-1668.0,1
2008-01-01,BOPTIMP_diff_lag_1,6884.0,1
2008-02-01,BOPTIMP_diff_lag_1,5475.0,1
2008-03-01,BOPTIMP_diff_lag_1,-4627.0,1
2008-04-01,BOPTIMP_diff_lag_1,8130.0,1
2008-05-01,BOPTIMP_diff_lag_1,666.0,1
2008-06-01,BOPTIMP_diff_lag_1,3329.0,1
2008-07-01,BOPTIMP_diff_lag_1,7942.0,1
2008-08-01,BOPTIMP_diff_lag_1,-7455.0,1
2008-09-01,BOPTIMP_diff_lag_1,-10680.0,1
2008-10-01,BOPTIMP_diff_lag_1,-2531.0,1
2008-11-01,BOPTIMP_diff_lag_1,-24432.0,1
2008-12-01,BOPTIMP_diff_lag_1,-12288.0,1
2009-01-01,BOPTIMP_diff_lag_1,-11699.0,1
2009-02-01,BOPTIMP_diff_lag_1,-8027.0,1
2009-03-01,BOPTIMP_diff_lag_1,52.0,1
2009-04-01,BOPTIMP_diff_lag_1,-1066.0,1
2009-05-01,BOPTIMP_diff_lag_1,-2502.0,1
2009-06-01,BOPTIMP_diff_lag_1,3665.0,1
2009-07-01,BOPTIMP_diff_lag_1,8379.0,1
2009-08-01,BOPTIMP_diff_lag_1,-932.0,1
2009-09-01,BOPTIMP_diff_lag_1,7927.0,1
2009-10-01,BOPTIMP_diff_lag_1,3596.0,1
2009-11-01,BOPTIMP_diff_lag_1,4345.0,1
2009-12-01,BOPTIMP_diff_lag_1,4127.0,1
2010-01-01,BOPTIMP_diff_lag_1,-1533.0,1
2010-02-01,BOPTIMP_diff_lag_1,4926.0,1
2010-03-01,BOPTIMP_diff_lag_1,2935.0,1
2010-04-01,BOPTIMP_diff_lag_1,-364.0,1
2010-05-01,BOPTIMP_diff_lag_1,5170.0,1
2010-06-01,BOPTIMP_diff_lag_1,4792.0,1
2010-07-01,BOPTIMP_diff_lag_1,-2779.0,1
2010-08-01,BOPTIMP_diff_lag_1,5090.0,1
2010-09-01,BOPTIMP_diff_lag_1,0.0,1
2010-10-01,BOPTIMP_diff_lag_1,1790.0,1
2010-11-01,BOPTIMP_diff_lag_1,-547.0,1
2010-12-01,BOPTIMP_diff_lag_1,6043.0,1
2011-01-01,BOPTIMP_diff_lag_1,7832.0,1
2011-02-01,BOPTIMP_diff_lag_1,-4900.0,1
2011-03-01,BOPTIMP_diff_lag_1,7696.0,1
2011-04-01,BOPTIMP_diff_lag_1,833.0,1
2011-05-01,BOPTIMP_diff_lag_1,4987.0,1
2011-06-01,BOPTIMP_diff_lag_1,372.0,1
2011-07-01,BOPTIMP_diff_lag_1,767.0,1
2011-08-01,BOPTIMP_diff_lag_1,-387.0,1
2011-09-01,BOPTIMP_diff_lag_1,280.0,1
2011-10-01,BOPTIMP_diff_lag_1,942.0,1
2011-11-01,BOPTIMP_diff_lag_1,-12.0,1
2011-12-01,BOPTIMP_diff_lag_1,3340.0,1
2012-01-01,BOPTIMP_diff_lag_1,1083.0,1
2012-02-01,BOPTIMP_diff_lag_1,-4846.0,1
2012-03-01,BOPTIMP_diff_lag_1,10323.0,1
2012-04-01,BOPTIMP_diff_lag_1,-4249.0,1
2012-05-01,BOPTIMP_diff_lag_1,-1243.0,1
2012-06-01,BOPTIMP_diff_lag_1,-2295.0,1
2012-07-01,BOPTIMP_diff_lag_1,-1040.0,1
2012-08-01,BOPTIMP_diff_lag_1,-334.0,1
2012-09-01,BOPTIMP_diff_lag_1,1339.0,1
2012-10-01,BOPTIMP_diff_lag_1,-2682.0,1
2012-11-01,BOPTIMP_diff_lag_1,6385.0,1
2012-12-01,BOPTIMP_diff_lag_1,-4753.0,1
2013-01-01,BOPTIMP_diff_lag_1,2118.0,1
2013-02-01,BOPTIMP_diff_lag_1,3206.0,1
2013-03-01,BOPTIMP_diff_lag_1,-8881.0,1
2013-04-01,BOPTIMP_diff_lag_1,4348.0,1
2013-05-01,BOPTIMP_diff_lag_1,2878.0,1
2013-06-01,BOPTIMP_diff_lag_1,-4094.0,1
2013-07-01,BOPTIMP_diff_lag_1,1101.0,1
2013-08-01,BOPTIMP_diff_lag_1,506.0,1
2013-09-01,BOPTIMP_diff_lag_1,3264.0,1
2013-10-01,BOPTIMP_diff_lag_1,86.0,1
2013-11-01,BOPTIMP_diff_lag_1,-1522.0,1
2013-12-01,BOPTIMP_diff_lag_1,-1377.0,1
2014-01-01,BOPTIMP_diff_lag_1,4151.0,1
2014-02-01,BOPTIMP_diff_lag_1,1872.0,1
2014-03-01,BOPTIMP_diff_lag_1,4958.0,1
2014-04-01,BOPTIMP_diff_lag_1,1847.0,1
2014-05-01,BOPTIMP_diff_lag_1,-1426.0,1
2014-06-01,BOPTIMP_diff_lag_1,-1723.0,1
2014-07-01,BOPTIMP_diff_lag_1,363.0,1
2014-08-01,BOPTIMP_diff_lag_1,-1116.0,1
2014-09-01,BOPTIMP_diff_lag_1,1324.0,1
2014-10-01,BOPTIMP_diff_lag_1,1294.0,1
2014-11-01,BOPTIMP_diff_lag_1,-3204.0,1
2014-12-01,BOPTIMP_diff_lag_1,2206.0,1
2015-01-01,BOPTIMP_diff_lag_1,-6932.0,1
2015-02-01,BOPTIMP_diff_lag_1,-6887.0,1
2015-03-01,BOPTIMP_diff_lag_1,13800.0,1
2015-04-01,BOPTIMP_diff_lag_1,-6985.0,1
2015-05-01,BOPTIMP_diff_lag_1,-2510.0,1
2015-06-01,BOPTIMP_diff_lag_1,2957.0,1
2015-07-01,BOPTIMP_diff_lag_1,-2229.0,1
2015-08-01,BOPTIMP_diff_lag_1,755.0,1
2015-09-01,BOPTIMP_diff_lag_1,-1493.0,1
2015-10-01,BOPTIMP_diff_lag_1,-2526.0,1
2015-11-01,BOPTIMP_diff_lag_1,-2987.0,1
2015-12-01,BOPTIMP_diff_lag_1,-554.0,1
2016-01-01,BOPTIMP_diff_lag_1,-3004.0,1
2016-02-01,BOPTIMP_diff_lag_1,5302.0,1
2016-03-01,BOPTIMP_diff_lag_1,-8843.0,1
2016-04-01,BOPTIMP_diff_lag_1,2960.0,1
2016-05-01,BOPTIMP_diff_lag_1,2993.0,1
2016-06-01,BOPTIMP_diff_lag_1,4397.0,1
2016-07-01,BOPTIMP_diff_lag_1,-730.0,1
2016-08-01,BOPTIMP_diff_lag_1,2298.0,1
2016-09-01,BOPTIMP_diff_lag_1,-1754.0,1
2016-10-01,BOPTIMP_diff_lag_1,1556.0,1
2016-11-01,BOPTIMP_diff_lag_1,2081.0,1
2016-12-01,BOPTIMP_diff_lag_1,2727.0,1
2017-01-01,BOPTIMP_diff_lag_1,4077.0,1
2017-02-01,BOPTIMP_diff_lag_1,-1799.0,1
2017-03-01,BOPTIMP_diff_lag_1,-64.0,1
2017-04-01,BOPTIMP_diff_lag_1,1822.0,1
2017-05-01,BOPTIMP_diff_lag_1,327.0,1
2017-06-01,BOPTIMP_diff_lag_1,985.0,1
2017-07-01,BOPTIMP_diff_lag_1,-198.0,1
2017-08-01,BOPTIMP_diff_lag_1,375.0,1
2017-09-01,BOPTIMP_diff_lag_1,3003.0,1
2017-10-01,BOPTIMP_diff_lag_1,2855.0,1
2017-11-01,BOPTIMP_diff_lag_1,5631.0,1
2017-12-01,BOPTIMP_diff_lag_1,5635.0,1
2018-01-01,BOPTIMP_diff_lag_1,-2515.0,1
2018-02-01,BOPTIMP_diff_lag_1,6066.0,1
2018-03-01,BOPTIMP_diff_lag_1,-3751.0,1
2018-04-01,BOPTIMP_diff_lag_1,-1126.0,1
2018-05-01,BOPTIMP_diff_lag_1,811.0,1
2018-06-01,BOPTIMP_diff_lag_1,1621.0,1
2018-07-01,BOPTIMP_diff_lag_1,2447.0,1
2018-08-01,BOPTIMP_diff_lag_1,1909.0,1
2018-09-01,BOPTIMP_diff_lag_1,3978.0,1
2018-10-01,BOPTIMP_diff_lag_1,911.0,1
2018-11-01,BOPTIMP_diff_lag_1,-7378.0,1
2018-12-01,BOPTIMP_diff_lag_1,5439.0,1
2019-01-01,BOPTIMP_diff_lag_1,-6805.0,1
2019-02-01,BOPTIMP_diff_lag_1,702.0,1
2019-03-01,BOPTIMP_diff_lag_1,2778.0,1
2000-01-01,ANDENO_diff_lag_1,-572.0,0
2000-02-01,ANDENO_diff_lag_1,-7043.0,0
2000-03-01,ANDENO_diff_lag_1,5064.0,0
2000-04-01,ANDENO_diff_lag_1,2071.0,0
2000-05-01,ANDENO_diff_lag_1,-1841.0,0
2000-06-01,ANDENO_diff_lag_1,8812.0,0
2000-07-01,ANDENO_diff_lag_1,-8254.0,0
2000-08-01,ANDENO_diff_lag_1,1798.0,0
2000-09-01,ANDENO_diff_lag_1,5343.0,0
2000-10-01,ANDENO_diff_lag_1,-9306.0,0
2000-11-01,ANDENO_diff_lag_1,3242.0,0
2000-12-01,ANDENO_diff_lag_1,3226.0,0
2001-01-01,ANDENO_diff_lag_1,-8943.0,0
2001-02-01,ANDENO_diff_lag_1,1497.0,0
2001-03-01,ANDENO_diff_lag_1,-530.0,0
2001-04-01,ANDENO_diff_lag_1,-5143.0,0
2001-05-01,ANDENO_diff_lag_1,784.0,0
2001-06-01,ANDENO_diff_lag_1,-134.0,0
2001-07-01,ANDENO_diff_lag_1,-4156.0,0
2001-08-01,ANDENO_diff_lag_1,1453.0,0
2001-09-01,ANDENO_diff_lag_1,-4437.0,0
2001-10-01,ANDENO_diff_lag_1,-2404.0,0
2001-11-01,ANDENO_diff_lag_1,2374.0,0
2001-12-01,ANDENO_diff_lag_1,201.0,0
2002-01-01,ANDENO_diff_lag_1,-3639.0,0
2002-02-01,ANDENO_diff_lag_1,4953.0,0
2002-03-01,ANDENO_diff_lag_1,-3495.0,0
2002-04-01,ANDENO_diff_lag_1,1162.0,0
2002-05-01,ANDENO_diff_lag_1,2081.0,0
2002-06-01,ANDENO_diff_lag_1,-4391.0,0
2002-07-01,ANDENO_diff_lag_1,3408.0,0
2002-08-01,ANDENO_diff_lag_1,3982.0,0
2002-09-01,ANDENO_diff_lag_1,-6346.0,0
2002-10-01,ANDENO_diff_lag_1,1469.0,0
2002-11-01,ANDENO_diff_lag_1,-8.0,0
2002-12-01,ANDENO_diff_lag_1,-695.0,0
2003-01-01,ANDENO_diff_lag_1,487.0,0
2003-02-01,ANDENO_diff_lag_1,47.0,0
2003-03-01,ANDENO_diff_lag_1,1608.0,0
2003-04-01,ANDENO_diff_lag_1,-1811.0,0
2003-05-01,ANDENO_diff_lag_1,1264.0,0
2003-06-01,ANDENO_diff_lag_1,-127.0,0
2003-07-01,ANDENO_diff_lag_1,-458.0,0
2003-08-01,ANDENO_diff_lag_1,-335.0,0
2003-09-01,ANDENO_diff_lag_1,3012.0,0
2003-10-01,ANDENO_diff_lag_1,-693.0,0
2003-11-01,ANDENO_diff_lag_1,-413.0,0
2003-12-01,ANDENO_diff_lag_1,1556.0,0
2004-01-01,ANDENO_diff_lag_1,-2374.0,0
2004-02-01,ANDENO_diff_lag_1,1440.0,0
2004-03-01,ANDENO_diff_lag_1,3877.0,0
2004-04-01,ANDENO_diff_lag_1,-4176.0,0
2004-05-01,ANDENO_diff_lag_1,1644.0,0
2004-06-01,ANDENO_diff_lag_1,568.0,0
2004-07-01,ANDENO_diff_lag_1,5218.0,0
2004-08-01,ANDENO_diff_lag_1,-6776.0,0
2004-09-01,ANDENO_diff_lag_1,4548.0,0
2004-10-01,ANDENO_diff_lag_1,-2696.0,0
2004-11-01,ANDENO_diff_lag_1,4377.0,0
2004-12-01,ANDENO_diff_lag_1,-707.0,0
2005-01-01,ANDENO_diff_lag_1,1540.0,0
2005-02-01,ANDENO_diff_lag_1,450.0,0
2005-03-01,ANDENO_diff_lag_1,-3410.0,0
2005-04-01,ANDENO_diff_lag_1,2063.0,0
2005-05-01,ANDENO_diff_lag_1,12082.0,0
2005-06-01,ANDENO_diff_lag_1,-2841.0,0
2005-07-01,ANDENO_diff_lag_1,-5765.0,0
2005-08-01,ANDENO_diff_lag_1,4484.0,0
2005-09-01,ANDENO_diff_lag_1,-6205.0,0
2005-10-01,ANDENO_diff_lag_1,4579.0,0
2005-11-01,ANDENO_diff_lag_1,14068.0,0
2005-12-01,ANDENO_diff_lag_1,-2481.0,0
2006-01-01,ANDENO_diff_lag_1,-9807.0,0
2006-02-01,ANDENO_diff_lag_1,1575.0,0
2006-03-01,ANDENO_diff_lag_1,7257.0,0
2006-04-01,ANDENO_diff_lag_1,-6786.0,0
2006-05-01,ANDENO_diff_lag_1,814.0,0
2006-06-01,ANDENO_diff_lag_1,-703.0,0
2006-07-01,ANDENO_diff_lag_1,-1696.0,0
2006-08-01,ANDENO_diff_lag_1,-1755.0,0
2006-09-01,ANDENO_diff_lag_1,18991.0,0
2006-10-01,ANDENO_diff_lag_1,-10664.0,0
2006-11-01,ANDENO_diff_lag_1,-759.0,0
2006-12-01,ANDENO_diff_lag_1,4413.0,0
2007-01-01,ANDENO_diff_lag_1,-7068.0,0
2007-02-01,ANDENO_diff_lag_1,3410.0,0
2007-03-01,ANDENO_diff_lag_1,8132.0,0
2007-04-01,ANDENO_diff_lag_1,-2462.0,0
2007-05-01,ANDENO_diff_lag_1,-4794.0,0
2007-06-01,ANDENO_diff_lag_1,4208.0,0
2007-07-01,ANDENO_diff_lag_1,1674.0,0
2007-08-01,ANDENO_diff_lag_1,-6336.0,0
2007-09-01,ANDENO_diff_lag_1,1566.0,0
2007-10-01,ANDENO_diff_lag_1,-1112.0,0
2007-11-01,ANDENO_diff_lag_1,4248.0,0
2007-12-01,ANDENO_diff_lag_1,4721.0,0
2008-01-01,ANDENO_diff_lag_1,-68.0,0
2008-02-01,ANDENO_diff_lag_1,-4449.0,0
2008-03-01,ANDENO_diff_lag_1,-785.0,0
2008-04-01,ANDENO_diff_lag_1,-1597.0,0
2008-05-01,ANDENO_diff_lag_1,945.0,0
2008-06-01,ANDENO_diff_lag_1,-4928.0,0
2008-07-01,ANDENO_diff_lag_1,-572.0,0
2008-08-01,ANDENO_diff_lag_1,-724.0,0
2008-09-01,ANDENO_diff_lag_1,-5361.0,0
2008-10-01,ANDENO_diff_lag_1,-3726.0,0
2008-11-01,ANDENO_diff_lag_1,-3801.0,0
2008-12-01,ANDENO_diff_lag_1,-5392.0,0
2009-01-01,ANDENO_diff_lag_1,-4335.0,0
2009-02-01,ANDENO_diff_lag_1,-4950.0,0
2009-03-01,ANDENO_diff_lag_1,-660.0,0
2009-04-01,ANDENO_diff_lag_1,-1932.0,0
2009-05-01,ANDENO_diff_lag_1,5645.0,0
2009-06-01,ANDENO_diff_lag_1,-522.0,0
2009-07-01,ANDENO_diff_lag_1,3374.0,0
2009-08-01,ANDENO_diff_lag_1,-588.0,0
2009-09-01,ANDENO_diff_lag_1,-1595.0,0
2009-10-01,ANDENO_diff_lag_1,2849.0,0
2009-11-01,ANDENO_diff_lag_1,-2564.0,0
2009-12-01,ANDENO_diff_lag_1,-1861.0,0
2010-01-01,ANDENO_diff_lag_1,10002.0,0
2010-02-01,ANDENO_diff_lag_1,2170.0,0
2010-03-01,ANDENO_diff_lag_1,-2695.0,0
2010-04-01,ANDENO_diff_lag_1,3563.0,0
2010-05-01,ANDENO_diff_lag_1,1.0,0
2010-06-01,ANDENO_diff_lag_1,2922.0,0
2010-07-01,ANDENO_diff_lag_1,-3467.0,0
2010-08-01,ANDENO_diff_lag_1,3443.0,0
2010-09-01,ANDENO_diff_lag_1,4760.0,0
2010-10-01,ANDENO_diff_lag_1,-1514.0,0
2010-11-01,ANDENO_diff_lag_1,-4560.0,0
2010-12-01,ANDENO_diff_lag_1,-2922.0,0
2011-01-01,ANDENO_diff_lag_1,5756.0,0
2011-02-01,ANDENO_diff_lag_1,-1964.0,0
2011-03-01,ANDENO_diff_lag_1,7984.0,0
2011-04-01,ANDENO_diff_lag_1,-4953.0,0
2011-05-01,ANDENO_diff_lag_1,3657.0,0
2011-06-01,ANDENO_diff_lag_1,-2442.0,0
2011-07-01,ANDENO_diff_lag_1,1758.0,0
2011-08-01,ANDENO_diff_lag_1,9431.0,0
2011-09-01,ANDENO_diff_lag_1,-7864.0,0
2011-10-01,ANDENO_diff_lag_1,-89.0,0
2011-11-01,ANDENO_diff_lag_1,6171.0,0
2011-12-01,ANDENO_diff_lag_1,7822.0,0
2012-01-01,ANDENO_diff_lag_1,-171.0,0
2012-02-01,ANDENO_diff_lag_1,-763.0,0
2012-03-01,ANDENO_diff_lag_1,-6971.0,0
2012-04-01,ANDENO_diff_lag_1,-1069.0,0
2012-05-01,ANDENO_diff_lag_1,186.0,0
2012-06-01,ANDENO_diff_lag_1,-1228.0,0
2012-07-01,ANDENO_diff_lag_1,5821.0,0
2012-08-01,ANDENO_diff_lag_1,-14349.0,0
2012-09-01,ANDENO_diff_lag_1,9150.0,0
2012-10-01,ANDENO_diff_lag_1,2117.0,0
2012-11-01,ANDENO_diff_lag_1,-3736.0,0
2012-12-01,ANDENO_diff_lag_1,4714.0,0
2013-01-01,ANDENO_diff_lag_1,-1574.0,0
2013-02-01,ANDENO_diff_lag_1,6411.0,0
2013-03-01,ANDENO_diff_lag_1,-10870.0,0
2013-04-01,ANDENO_diff_lag_1,3645.0,0
2013-05-01,ANDENO_diff_lag_1,9254.0,0
2013-06-01,ANDENO_diff_lag_1,6289.0,0
2013-07-01,ANDENO_diff_lag_1,-18567.0,0
2013-08-01,ANDENO_diff_lag_1,1975.0,0
2013-09-01,ANDENO_diff_lag_1,6011.0,0
2013-10-01,ANDENO_diff_lag_1,-5980.0,0
2013-11-01,ANDENO_diff_lag_1,12040.0,0
2013-12-01,ANDENO_diff_lag_1,-1846.0,0
2014-01-01,ANDENO_diff_lag_1,-7863.0,0
2014-02-01,ANDENO_diff_lag_1,-2593.0,0
2014-03-01,ANDENO_diff_lag_1,2995.0,0
2014-04-01,ANDENO_diff_lag_1,-1330.0,0
2014-05-01,ANDENO_diff_lag_1,-298.0,0
2014-06-01,ANDENO_diff_lag_1,2802.0,0
2014-07-01,ANDENO_diff_lag_1,50978.0,0
2014-08-01,ANDENO_diff_lag_1,-48051.0,0
2014-09-01,ANDENO_diff_lag_1,-3905.0,0
2014-10-01,ANDENO_diff_lag_1,-5264.0,0
2014-11-01,ANDENO_diff_lag_1,2011.0,0
2014-12-01,ANDENO_diff_lag_1,-4096.0,0
2015-01-01,ANDENO_diff_lag_1,3981.0,0
2015-02-01,ANDENO_diff_lag_1,-2890.0,0
2015-03-01,ANDENO_diff_lag_1,2346.0,0
2015-04-01,ANDENO_diff_lag_1,106.0,0
2015-05-01,ANDENO_diff_lag_1,-7455.0,0
2015-06-01,ANDENO_diff_lag_1,7574.0,0
2015-07-01,ANDENO_diff_lag_1,-1101.0,0
2015-08-01,ANDENO_diff_lag_1,347.0,0
2015-09-01,ANDENO_diff_lag_1,-7853.0,0
2015-10-01,ANDENO_diff_lag_1,8716.0,0
2015-11-01,ANDENO_diff_lag_1,-5331.0,0
2015-12-01,ANDENO_diff_lag_1,-7315.0,0
2016-01-01,ANDENO_diff_lag_1,10449.0,0
2016-02-01,ANDENO_diff_lag_1,-6732.0,0
2016-03-01,ANDENO_diff_lag_1,-3564.0,0
2016-04-01,ANDENO_diff_lag_1,8897.0,0
2016-05-01,ANDENO_diff_lag_1,-484.0,0
2016-06-01,ANDENO_diff_lag_1,-9821.0,0
2016-07-01,ANDENO_diff_lag_1,6058.0,0
2016-08-01,ANDENO_diff_lag_1,-601.0,0
2016-09-01,ANDENO_diff_lag_1,-1055.0,0
2016-10-01,ANDENO_diff_lag_1,13554.0,0
2016-11-01,ANDENO_diff_lag_1,-16901.0,0
2016-12-01,ANDENO_diff_lag_1,3495.0,0
2017-01-01,ANDENO_diff_lag_1,2554.0,0
2017-02-01,ANDENO_diff_lag_1,3486.0,0
2017-03-01,ANDENO_diff_lag_1,50.0,0
2017-04-01,ANDENO_diff_lag_1,-1172.0,0
2017-05-01,ANDENO_diff_lag_1,-119.0,0
2017-06-01,ANDENO_diff_lag_1,14805.0,0
2017-07-01,ANDENO_diff_lag_1,-16450.0,0
2017-08-01,ANDENO_diff_lag_1,2405.0,0
2017-09-01,ANDENO_diff_lag_1,6854.0,0
2017-10-01,ANDENO_diff_lag_1,-3131.0,0
2017-11-01,ANDENO_diff_lag_1,1309.0,0
2017-12-01,ANDENO_diff_lag_1,1256.0,0
2018-01-01,ANDENO_diff_lag_1,-3269.0,0
2018-02-01,ANDENO_diff_lag_1,5000.0,0
2018-03-01,ANDENO_diff_lag_1,3579.0,0
2018-04-01,ANDENO_diff_lag_1,-5472.0,0
2018-05-01,ANDENO_diff_lag_1,1087.0,0
2018-06-01,ANDENO_diff_lag_1,-1171.0,0
2018-07-01,ANDENO_diff_lag_1,-2429.0,0
2018-08-01,ANDENO_diff_lag_1,6393.0,0
2018-09-01,ANDENO_diff_lag_1,-2451.0,0
2018-10-01,ANDENO_diff_lag_1,-2435.0,0
2018-11-01,ANDENO_diff_lag_1,-880.0,0
2018-12-01,ANDENO_diff_lag_1,2136.0,0
2019-01-01,ANDENO_diff_lag_1,3087.0,0
2019-02-01,ANDENO_diff_lag_1,-4748.0,0
2019-03-01,ANDENO_diff_lag_1,1950.0,0
2000-01-01,RHESCBM027NBOG_diff_lag_2,2.675602,0
2000-02-01,RHESCBM027NBOG_diff_lag_2,2.621399,0
2000-03-01,RHESCBM027NBOG_diff_lag_2,1.1959991,0
2000-04-01,RHESCBM027NBOG_diff_lag_2,0.39929962,0
2000-05-01,RHESCBM027NBOG_diff_lag_2,0.49679947,0
2000-06-01,RHESCBM027NBOG_diff_lag_2,1.0419006,0
2000-07-01,RHESCBM027NBOG_diff_lag_2,-1.5783997,0
2000-08-01,RHESCBM027NBOG_diff_lag_2,-0.7677994,0
2000-09-01,RHESCBM027NBOG_diff_lag_2,1.4056015,0
2000-10-01,RHESCBM027NBOG_diff_lag_2,3.6467972,0
2000-11-01,RHESCBM027NBOG_diff_lag_2,4.2012978,0
2000-12-01,RHESCBM027NBOG_diff_lag_2,1.7985001,0
2001-01-01,RHESCBM027NBOG_diff_lag_2,0.42200089,0
2001-02-01,RHESCBM027NBOG_diff_lag_2,0.51880264,0
2001-03-01,RHESCBM027NBOG_diff_lag_2,2.4274979,0
2001-04-01,RHESCBM027NBOG_diff_lag_2,-0.66600037,0
2001-05-01,RHESCBM027NBOG_diff_lag_2,-1.6756973,0
2001-06-01,RHESCBM027NBOG_diff_lag_2,0.5191002,0
2001-07-01,RHESCBM027NBOG_diff_lag_2,0.33639908,0
2001-08-01,RHESCBM027NBOG_diff_lag_2,2.279499,0
2001-09-01,RHESCBM027NBOG_diff_lag_2,3.3815002,0
2001-10-01,RHESCBM027NBOG_diff_lag_2,2.7817001,0
2001-11-01,RHESCBM027NBOG_diff_lag_2,3.7252007,0
2001-12-01,RHESCBM027NBOG_diff_lag_2,3.5634995,0
2002-01-01,RHESCBM027NBOG_diff_lag_2,-0.014202118,0
2002-02-01,RHESCBM027NBOG_diff_lag_2,0.15190125,0
2002-03-01,RHESCBM027NBOG_diff_lag_2,2.1937027,0
2002-04-01,RHESCBM027NBOG_diff_lag_2,-1.6776009,0
2002-05-01,RHESCBM027NBOG_diff_lag_2,1.2868996,0
2002-06-01,RHESCBM027NBOG_diff_lag_2,5.4474983,0
2002-07-01,RHESCBM027NBOG_diff_lag_2,1.0298004,0
2002-08-01,RHESCBM027NBOG_diff_lag_2,0.86170197,0
2002-09-01,RHESCBM027NBOG_diff_lag_2,3.0063972,0
2002-10-01,RHESCBM027NBOG_diff_lag_2,3.7364006,0
2002-11-01,RHESCBM027NBOG_diff_lag_2,3.3103027,0
2002-12-01,RHESCBM027NBOG_diff_lag_2,1.3113976,0
2003-01-01,RHESCBM027NBOG_diff_lag_2,-3.7829018,0
2003-02-01,RHESCBM027NBOG_diff_lag_2,-2.5195007,0
2003-03-01,RHESCBM027NBOG_diff_lag_2,2.797699,0
2003-04-01,RHESCBM027NBOG_diff_lag_2,2.9072037,0
2003-05-01,RHESCBM027NBOG_diff_lag_2,2.8260002,0
2003-06-01,RHESCBM027NBOG_diff_lag_2,2.8813972,0
2003-07-01,RHESCBM027NBOG_diff_lag_2,3.0678024,0
2003-08-01,RHESCBM027NBOG_diff_lag_2,2.8048973,0
2003-09-01,RHESCBM027NBOG_diff_lag_2,3.0891953,0
2003-10-01,RHESCBM027NBOG_diff_lag_2,3.6126022,0
2003-11-01,RHESCBM027NBOG_diff_lag_2,4.2147064,0
2003-12-01,RHESCBM027NBOG_diff_lag_2,5.1611023,0
2004-01-01,RHESCBM027NBOG_diff_lag_2,6.430496,0
2004-02-01,RHESCBM027NBOG_diff_lag_2,6.721901,0
2004-03-01,RHESCBM027NBOG_diff_lag_2,6.8796997,0
2004-04-01,RHESCBM027NBOG_diff_lag_2,7.357498,0
2004-05-01,RHESCBM027NBOG_diff_lag_2,7.4097977,0
2004-06-01,RHESCBM027NBOG_diff_lag_2,6.6632004,0
2004-07-01,RHESCBM027NBOG_diff_lag_2,5.5475006,0
2004-08-01,RHESCBM027NBOG_diff_lag_2,6.108597,0
2004-09-01,RHESCBM027NBOG_diff_lag_2,6.9063034,0
2004-10-01,RHESCBM027NBOG_diff_lag_2,8.980705,0
2004-11-01,RHESCBM027NBOG_diff_lag_2,9.383301,0
2004-12-01,RHESCBM027NBOG_diff_lag_2,5.917198,0
2005-01-01,RHESCBM027NBOG_diff_lag_2,4.716301,0
2005-02-01,RHESCBM027NBOG_diff_lag_2,4.8812027,0
2005-03-01,RHESCBM027NBOG_diff_lag_2,5.1334,0
2005-04-01,RHESCBM027NBOG_diff_lag_2,2.2876968,0
2005-05-01,RHESCBM027NBOG_diff_lag_2,1.9574966,0
2005-06-01,RHESCBM027NBOG_diff_lag_2,4.9205933,0
2005-07-01,RHESCBM027NBOG_diff_lag_2,2.8929977,0
2005-08-01,RHESCBM027NBOG_diff_lag_2,1.7380066,0
2005-09-01,RHESCBM027NBOG_diff_lag_2,1.7488098,0
2005-10-01,RHESCBM027NBOG_diff_lag_2,0.5590973,0
2005-11-01,RHESCBM027NBOG_diff_lag_2,0.07778931,0
2005-12-01,RHESCBM027NBOG_diff_lag_2,0.513504,0
2006-01-01,RHESCBM027NBOG_diff_lag_2,-0.35559082,0
2006-02-01,RHESCBM027NBOG_diff_lag_2,-0.3083954,0
2006-03-01,RHESCBM027NBOG_diff_lag_2,-0.19050598,0
2006-04-01,RHESCBM027NBOG_diff_lag_2,-7.569603,0
2006-05-01,RHESCBM027NBOG_diff_lag_2,-6.491501,0
2006-06-01,RHESCBM027NBOG_diff_lag_2,1.055397,0
2006-07-01,RHESCBM027NBOG_diff_lag_2,1.4261017,0
2006-08-01,RHESCBM027NBOG_diff_lag_2,0.6108017,0
2006-09-01,RHESCBM027NBOG_diff_lag_2,-0.2260971,0
2006-10-01,RHESCBM027NBOG_diff_lag_2,-1.9553986,0
2006-11-01,RHESCBM027NBOG_diff_lag_2,0.2770996,0
2006-12-01,RHESCBM027NBOG_diff_lag_2,2.8307953,0
2007-01-01,RHESCBM027NBOG_diff_lag_2,-1.1411057,0
2007-02-01,RHESCBM027NBOG_diff_lag_2,-1.9162979,0
2007-03-01,RHESCBM027NBOG_diff_lag_2,-16.820297,0
2007-04-01,RHESCBM027NBOG_diff_lag_2,-20.8227,0
2007-05-01,RHESCBM027NBOG_diff_lag_2,-3.6703033,0
2007-06-01,RHESCBM027NBOG_diff_lag_2,0.73870087,0
2007-07-01,RHESCBM027NBOG_diff_lag_2,-0.63139343,0
2007-08-01,RHESCBM027NBOG_diff_lag_2,-0.09249878,0
2007-09-01,RHESCBM027NBOG_diff_lag_2,1.9377975,0
2007-10-01,RHESCBM027NBOG_diff_lag_2,0.3105011,0
2007-11-01,RHESCBM027NBOG_diff_lag_2,-0.5034027,0
2007-12-01,RHESCBM027NBOG_diff_lag_2,0.8782959,0
2008-01-01,RHESCBM027NBOG_diff_lag_2,1.7780991,0
2008-02-01,RHESCBM027NBOG_diff_lag_2,1.9468002,0
2008-03-01,RHESCBM027NBOG_diff_lag_2,1.3087997,0
2008-04-01,RHESCBM027NBOG_diff_lag_2,1.4179001,0
2008-05-01,RHESCBM027NBOG_diff_lag_2,2.4731064,0
2008-06-01,RHESCBM027NBOG_diff_lag_2,3.3079987,0
2008-07-01,RHESCBM027NBOG_diff_lag_2,3.7901993,0
2008-08-01,RHESCBM027NBOG_diff_lag_2,3.4199982,0
2008-09-01,RHESCBM027NBOG_diff_lag_2,2.577301,0
2008-10-01,RHESCBM027NBOG_diff_lag_2,2.4190063,0
2008-11-01,RHESCBM027NBOG_diff_lag_2,2.1225967,0
2008-12-01,RHESCBM027NBOG_diff_lag_2,0.90670013,0
2009-01-01,RHESCBM027NBOG_diff_lag_2,0.66529846,0
2009-02-01,RHESCBM027NBOG_diff_lag_2,2.1273956,0
2009-03-01,RHESCBM027NBOG_diff_lag_2,1.5376053,0
2009-04-01,RHESCBM027NBOG_diff_lag_2,-0.9082947,0
2009-05-01,RHESCBM027NBOG_diff_lag_2,-1.0403061,0
2009-06-01,RHESCBM027NBOG_diff_lag_2,-1.3461075,0
2009-07-01,RHESCBM027NBOG_diff_lag_2,-2.7670975,0
2009-08-01,RHESCBM027NBOG_diff_lag_2,-1.3881989,0
2009-09-01,RHESCBM027NBOG_diff_lag_2,0.6235962,0
2009-10-01,RHESCBM027NBOG_diff_lag_2,1.8349991,0
2009-11-01,RHESCBM027NBOG_diff_lag_2,1.4057007,0
2009-12-01,RHESCBM027NBOG_diff_lag_2,0.15960693,0
2010-01-01,RHESCBM027NBOG_diff_lag_2,-1.2709961,0
2010-02-01,RHESCBM027NBOG_diff_lag_2,-1.2841034,0
2010-03-01,RHESCBM027NBOG_diff_lag_2,-0.3144989,0
2010-04-01,RHESCBM027NBOG_diff_lag_2,0.3553009,0
2010-05-01,RHESCBM027NBOG_diff_lag_2,0.53759766,0
2010-06-01,RHESCBM027NBOG_diff_lag_2,-0.47190094,0
2010-07-01,RHESCBM027NBOG_diff_lag_2,-0.90260315,0
2010-08-01,RHESCBM027NBOG_diff_lag_2,-0.7118988,0
2010-09-01,RHESCBM027NBOG_diff_lag_2,-0.4522934,0
2010-10-01,RHESCBM027NBOG_diff_lag_2,-0.5113983,0
2010-11-01,RHESCBM027NBOG_diff_lag_2,1.6329956,0
2010-12-01,RHESCBM027NBOG_diff_lag_2,4.4236984,0
2011-01-01,RHESCBM027NBOG_diff_lag_2,0.59200287,0
2011-02-01,RHESCBM027NBOG_diff_lag_2,-2.5552979,0
2011-03-01,RHESCBM027NBOG_diff_lag_2,-1.2281036,0
2011-04-01,RHESCBM027NBOG_diff_lag_2,-0.2978058,0
2011-05-01,RHESCBM027NBOG_diff_lag_2,0.19360352,0
2011-06-01,RHESCBM027NBOG_diff_lag_2,-0.45869446,0
2011-07-01,RHESCBM027NBOG_diff_lag_2,-0.46160126,0
2011-08-01,RHESCBM027NBOG_diff_lag_2,-0.34470367,0
2011-09-01,RHESCBM027NBOG_diff_lag_2,-0.334198,0
2011-10-01,RHESCBM027NBOG_diff_lag_2,-0.2059021,0
2011-11-01,RHESCBM027NBOG_diff_lag_2,-0.3553009,0
2011-12-01,RHESCBM027NBOG_diff_lag_2,0.04650116,0
2012-01-01,RHESCBM027NBOG_diff_lag_2,2.0620956,0
2012-02-01,RHESCBM027NBOG_diff_lag_2,5.324402,0
2012-03-01,RHESCBM027NBOG_diff_lag_2,3.2941055,0
2012-04-01,RHESCBM027NBOG_diff_lag_2,-0.3689041,0
2012-05-01,RHESCBM027NBOG_diff_lag_2,-0.11000061,0
2012-06-01,RHESCBM027NBOG_diff_lag_2,-0.14089966,0
2012-07-01,RHESCBM027NBOG_diff_lag_2,-1.8899994,0
2012-08-01,RHESCBM027NBOG_diff_lag_2,-2.2404938,0
2012-09-01,RHESCBM027NBOG_diff_lag_2,-0.90880585,0
2012-10-01,RHESCBM027NBOG_diff_lag_2,-1.0552063,0
2012-11-01,RHESCBM027NBOG_diff_lag_2,-1.2245941,0
2012-12-01,RHESCBM027NBOG_diff_lag_2,-3.5923996,0
2013-01-01,RHESCBM027NBOG_diff_lag_2,-5.2412033,0
2013-02-01,RHESCBM027NBOG_diff_lag_2,-2.9069977,0
2013-03-01,RHESCBM027NBOG_diff_lag_2,-1.5280991,0
2013-04-01,RHESCBM027NBOG_diff_lag_2,-1.4572983,0
2013-05-01,RHESCBM027NBOG_diff_lag_2,-0.93240356,0
2013-06-01,RHESCBM027NBOG_diff_lag_2,-0.7432022,0
2013-07-01,RHESCBM027NBOG_diff_lag_2,-1.4615936,0
2013-08-01,RHESCBM027NBOG_diff_lag_2,-1.2014008,0
2013-09-01,RHESCBM027NBOG_diff_lag_2,-0.115600586,0
2013-10-01,RHESCBM027NBOG_diff_lag_2,-0.117996216,0
2013-11-01,RHESCBM027NBOG_diff_lag_2,-0.12129974,0
2013-12-01,RHESCBM027NBOG_diff_lag_2,0.08100128,0
2014-01-01,RHESCBM027NBOG_diff_lag_2,-0.09870148,0
2014-02-01,RHESCBM027NBOG_diff_lag_2,-0.034706116,0
2014-03-01,RHESCBM027NBOG_diff_lag_2,1.3960953,0
2014-04-01,RHESCBM027NBOG_diff_lag_2,1.6753006,0
2014-05-01,RHESCBM027NBOG_diff_lag_2,0.79060364,0
2014-06-01,RHESCBM027NBOG_diff_lag_2,0.91360474,0
2014-07-01,RHESCBM027NBOG_diff_lag_2,1.0028,0
2014-08-01,RHESCBM027NBOG_diff_lag_2,1.1127014,0
2014-09-01,RHESCBM027NBOG_diff_lag_2,1.2111969,0
2014-10-01,RHESCBM027NBOG_diff_lag_2,1.0719986,0
2014-11-01,RHESCBM027NBOG_diff_lag_2,0.91620636,0
2014-12-01,RHESCBM027NBOG_diff_lag_2,0.7795944,0
2015-01-01,RHESCBM027NBOG_diff_lag_2,0.5472946,0
2015-02-01,RHESCBM027NBOG_diff_lag_2,0.9580002,0
2015-03-01,RHESCBM027NBOG_diff_lag_2,1.7335052,0
2015-04-01,RHESCBM027NBOG_diff_lag_2,1.4533005,0
2015-05-01,RHESCBM027NBOG_diff_lag_2,0.93299866,0
2015-06-01,RHESCBM027NBOG_diff_lag_2,0.73870087,0
2015-07-01,RHESCBM027NBOG_diff_lag_2,0.4651947,0
2015-08-01,RHESCBM027NBOG_diff_lag_2,0.4518051,0
2015-09-01,RHESCBM027NBOG_diff_lag_2,0.73410034,0
2015-10-01,RHESCBM027NBOG_diff_lag_2,0.16899872,0
2015-11-01,RHESCBM027NBOG_diff_lag_2,0.19920349,0
2015-12-01,RHESCBM027NBOG_diff_lag_2,1.0705948,0
2016-01-01,RHESCBM027NBOG_diff_lag_2,0.71920013,0
2016-02-01,RHESCBM027NBOG_diff_lag_2,0.14710236,0
2016-03-01,RHESCBM027NBOG_diff_lag_2,0.17489624,0
2016-04-01,RHESCBM027NBOG_diff_lag_2,0.5200043,0
2016-05-01,RHESCBM027NBOG_diff_lag_2,0.8642044,0
2016-06-01,RHESCBM027NBOG_diff_lag_2,0.9395981,0
2016-07-01,RHESCBM027NBOG_diff_lag_2,0.78209686,0
2016-08-01,RHESCBM027NBOG_diff_lag_2,0.6385956,0
2016-09-01,RHESCBM027NBOG_diff_lag_2,0.27680206,0
2016-10-01,RHESCBM027NBOG_diff_lag_2,0.16350555,0
2016-11-01,RHESCBM027NBOG_diff_lag_2,0.12030029,0
2016-12-01,RHESCBM027NBOG_diff_lag_2,0.16189575,0
2017-01-01,RHESCBM027NBOG_diff_lag_2,0.26119995,0
2017-02-01,RHESCBM027NBOG_diff_lag_2,-0.23789978,0
2017-03-01,RHESCBM027NBOG_diff_lag_2,-0.67500305,0
2017-04-01,RHESCBM027NBOG_diff_lag_2,0.03919983,0
2017-05-01,RHESCBM027NBOG_diff_lag_2,0.78710175,0
2017-06-01,RHESCBM027NBOG_diff_lag_2,0.63690186,0
2017-07-01,RHESCBM027NBOG_diff_lag_2,0.44660187,0
2017-08-01,RHESCBM027NBOG_diff_lag_2,0.14009857,0
2017-09-01,RHESCBM027NBOG_diff_lag_2,0.26809692,0
2017-10-01,RHESCBM027NBOG_diff_lag_2,0.73059845,0
2017-11-01,RHESCBM027NBOG_diff_lag_2,0.25930023,0
2017-12-01,RHESCBM027NBOG_diff_lag_2,0.27890015,0
2018-01-01,RHESCBM027NBOG_diff_lag_2,0.2955017,0
2018-02-01,RHESCBM027NBOG_diff_lag_2,-0.5861969,0
2018-03-01,RHESCBM027NBOG_diff_lag_2,-1.191803,0
2018-04-01,RHESCBM027NBOG_diff_lag_2,-0.92079926,0
2018-05-01,RHESCBM027NBOG_diff_lag_2,-0.42209625,0
2018-06-01,RHESCBM027NBOG_diff_lag_2,-0.54499817,0
2018-07-01,RHESCBM027NBOG_diff_lag_2,-0.7731018,0
2018-08-01,RHESCBM027NBOG_diff_lag_2,-0.9511032,0
2018-09-01,RHESCBM027NBOG_diff_lag_2,-0.42710114,0
2018-10-01,RHESCBM027NBOG_diff_lag_2,0.14279938,0
2018-11-01,RHESCBM027NBOG_diff_lag_2,-0.21179962,0
2018-12-01,RHESCBM027NBOG_diff_lag_2,-0.33789825,0
2019-01-01,RHESCBM027NBOG_diff_lag_2,-0.028396606,0
2019-02-01,RHESCBM027NBOG_diff_lag_2,-0.6665039,0
2019-03-01,RHESCBM027NBOG_diff_lag_2,-1.4645996,0
2000-01-01,TREASURY_diff_lag_2,4.7539997,0
2000-02-01,TREASURY_diff_lag_2,-1.197,0
2000-03-01,TREASURY_diff_lag_2,-4.3869996,0
2000-04-01,TREASURY_diff_lag_2,1.9200001,0
2000-05-01,TREASURY_diff_lag_2,2.4559999,0
2000-06-01,TREASURY_diff_lag_2,-1.224,0
2000-07-01,TREASURY_diff_lag_2,-2.5089998,0
2000-08-01,TREASURY_diff_lag_2,-1.1659999,0
2000-09-01,TREASURY_diff_lag_2,1.2620001,0
2000-10-01,TREASURY_diff_lag_2,0.60999966,0
2000-11-01,TREASURY_diff_lag_2,-1.4100003,0
2000-12-01,TREASURY_diff_lag_2,0.12800026,0
2001-01-01,TREASURY_diff_lag_2,1.395,0
2001-02-01,TREASURY_diff_lag_2,-0.88199997,0
2001-03-01,TREASURY_diff_lag_2,-1.2269998,0
2001-04-01,TREASURY_diff_lag_2,0.87300014,0
2001-05-01,TREASURY_diff_lag_2,0.123000145,0
2001-06-01,TREASURY_diff_lag_2,-0.3630004,0
2001-07-01,TREASURY_diff_lag_2,-0.14400005,0
2001-08-01,TREASURY_diff_lag_2,-0.34599972,0
2001-09-01,TREASURY_diff_lag_2,1.0640001,0
2001-10-01,TREASURY_diff_lag_2,0.5359998,0
2001-11-01,TREASURY_diff_lag_2,-1.2510004,0
2001-12-01,TREASURY_diff_lag_2,-0.33999968,0
2002-01-01,TREASURY_diff_lag_2,1.5150003,0
2002-02-01,TREASURY_diff_lag_2,-0.06400013,0
2002-03-01,TREASURY_diff_lag_2,-1.1070004,0
2002-04-01,TREASURY_diff_lag_2,0.64799976,0
2002-05-01,TREASURY_diff_lag_2,-0.065999985,0
2002-06-01,TREASURY_diff_lag_2,0.032999992,0
2002-07-01,TREASURY_diff_lag_2,0.11400032,0
2002-08-01,TREASURY_diff_lag_2,-0.7909999,0
2002-09-01,TREASURY_diff_lag_2,0.058000088,0
2002-10-01,TREASURY_diff_lag_2,0.01600027,0
2002-11-01,TREASURY_diff_lag_2,-0.5430002,0
2002-12-01,TREASURY_diff_lag_2,-0.24399996,0
2003-01-01,TREASURY_diff_lag_2,0.61800003,0
2003-02-01,TREASURY_diff_lag_2,0.23999977,0
2003-03-01,TREASURY_diff_lag_2,-0.42700005,0
2003-04-01,TREASURY_diff_lag_2,2.176,0
2003-05-01,TREASURY_diff_lag_2,1.4239998,0
2003-06-01,TREASURY_diff_lag_2,-0.43100023,0
2003-07-01,TREASURY_diff_lag_2,-0.46299982,0
2003-08-01,TREASURY_diff_lag_2,-1.1199999,0
2003-09-01,TREASURY_diff_lag_2,-0.408,0
2003-10-01,TREASURY_diff_lag_2,-0.44099998,0
2003-11-01,TREASURY_diff_lag_2,-0.6950002,0
2003-12-01,TREASURY_diff_lag_2,0.04099989,0
2004-01-01,TREASURY_diff_lag_2,0.5750003,0
2004-02-01,TREASURY_diff_lag_2,-0.22099972,0
2004-03-01,TREASURY_diff_lag_2,-0.18300009,0
2004-04-01,TREASURY_diff_lag_2,0.96399975,0
2004-05-01,TREASURY_diff_lag_2,0.0009999275,0
2004-06-01,TREASURY_diff_lag_2,-0.46399975,0
2004-07-01,TREASURY_diff_lag_2,-0.5409999,0
2004-08-01,TREASURY_diff_lag_2,-0.84400034,0
2004-09-01,TREASURY_diff_lag_2,0.553,0
2004-10-01,TREASURY_diff_lag_2,0.29699993,0
2004-11-01,TREASURY_diff_lag_2,-0.63100004,0
2004-12-01,TREASURY_diff_lag_2,-0.046000004,0
2005-01-01,TREASURY_diff_lag_2,0.3249998,0
2005-02-01,TREASURY_diff_lag_2,0.03600025,0
2005-03-01,TREASURY_diff_lag_2,-0.3709998,0
2005-04-01,TREASURY_diff_lag_2,0.27600002,0
2005-05-01,TREASURY_diff_lag_2,0.16400003,0
2005-06-01,TREASURY_diff_lag_2,-0.3260002,0
2005-07-01,TREASURY_diff_lag_2,-0.2540002,0
2005-08-01,TREASURY_diff_lag_2,-0.009999752,0
2005-09-01,TREASURY_diff_lag_2,0.61500025,0
2005-10-01,TREASURY_diff_lag_2,-0.1420002,0
2005-11-01,TREASURY_diff_lag_2,-0.421,0
2005-12-01,TREASURY_diff_lag_2,0.30900002,0
2006-01-01,TREASURY_diff_lag_2,-0.02699995,0
2006-02-01,TREASURY_diff_lag_2,0.03000021,0
2006-03-01,TREASURY_diff_lag_2,0.112999916,0
2006-04-01,TREASURY_diff_lag_2,-0.099999905,0
2006-05-01,TREASURY_diff_lag_2,0.18499994,0
2006-06-01,TREASURY_diff_lag_2,-0.042000294,0
2006-07-01,TREASURY_diff_lag_2,-0.09800005,0
2006-08-01,TREASURY_diff_lag_2,-0.19399977,0
2006-09-01,TREASURY_diff_lag_2,-0.1949997,0
2006-10-01,TREASURY_diff_lag_2,0.6240001,0
2006-11-01,TREASURY_diff_lag_2,0.015999794,0
2006-12-01,TREASURY_diff_lag_2,-0.1880002,0
2007-01-01,TREASURY_diff_lag_2,0.0009999275,0
2007-02-01,TREASURY_diff_lag_2,-0.3449998,0
2007-03-01,TREASURY_diff_lag_2,0.10500002,0
2007-04-01,TREASURY_diff_lag_2,0.42599964,0
2007-05-01,TREASURY_diff_lag_2,1.8299999,0
2007-06-01,TREASURY_diff_lag_2,-0.283,0
2007-07-01,TREASURY_diff_lag_2,-2.184,0
2007-08-01,TREASURY_diff_lag_2,-0.16599989,0
2007-09-01,TREASURY_diff_lag_2,0.21799994,0
2007-10-01,TREASURY_diff_lag_2,0.069000244,0
2007-11-01,TREASURY_diff_lag_2,0.19500017,0
2007-12-01,TREASURY_diff_lag_2,0.55899954,0
2008-01-01,TREASURY_diff_lag_2,0.6999998,0
2008-02-01,TREASURY_diff_lag_2,-0.6699996,0
2008-03-01,TREASURY_diff_lag_2,-0.59299994,0
2008-04-01,TREASURY_diff_lag_2,0.37199974,0
2008-05-01,TREASURY_diff_lag_2,-0.40899992,0
2008-06-01,TREASURY_diff_lag_2,-0.31599998,0
2008-07-01,TREASURY_diff_lag_2,0.2920003,0
2008-08-01,TREASURY_diff_lag_2,-0.08899975,0
2008-09-01,TREASURY_diff_lag_2,-0.21500015,0
2008-10-01,TREASURY_diff_lag_2,24.723,0
2008-11-01,TREASURY_diff_lag_2,49.769,0
2008-12-01,TREASURY_diff_lag_2,56.517998,0
2009-01-01,TREASURY_diff_lag_2,-6.140003,0
2009-02-01,TREASURY_diff_lag_2,-49.802,0
2009-03-01,TREASURY_diff_lag_2,14.526001,0
2009-04-01,TREASURY_diff_lag_2,18.822002,0
2009-05-01,TREASURY_diff_lag_2,-3.111,0
2009-06-01,TREASURY_diff_lag_2,1.1289978,0
2009-07-01,TREASURY_diff_lag_2,-6.4749985,0
2009-08-01,TREASURY_diff_lag_2,-12.456001,0
2009-09-01,TREASURY_diff_lag_2,-19.656002,0
2009-10-01,TREASURY_diff_lag_2,4.097,0
2009-11-01,TREASURY_diff_lag_2,19.134003,0
2009-12-01,TREASURY_diff_lag_2,24.186005,0
2010-01-01,TREASURY_diff_lag_2,95.496994,0
2010-02-01,TREASURY_diff_lag_2,-4.8650055,0
2010-03-01,TREASURY_diff_lag_2,-102.278,0
2010-04-01,TREASURY_diff_lag_2,-33.683,0
2010-05-01,TREASURY_diff_lag_2,-6.5880013,0
2010-06-01,TREASURY_diff_lag_2,2.7170029,0
2010-07-01,TREASURY_diff_lag_2,-5.2629967,0
2010-08-01,TREASURY_diff_lag_2,-8.555002,0
2010-09-01,TREASURY_diff_lag_2,6.404999,0
2010-10-01,TREASURY_diff_lag_2,14.525,0
2010-11-01,TREASURY_diff_lag_2,-13.934,0
2010-12-01,TREASURY_diff_lag_2,10.931999,0
2011-01-01,TREASURY_diff_lag_2,62.029,0
2011-02-01,TREASURY_diff_lag_2,13.257,0
2011-03-01,TREASURY_diff_lag_2,-34.633003,0
2011-04-01,TREASURY_diff_lag_2,-1.9679947,0
2011-05-01,TREASURY_diff_lag_2,43.426003,0
2011-06-01,TREASURY_diff_lag_2,10.876999,0
2011-07-01,TREASURY_diff_lag_2,-23.923004,0
2011-08-01,TREASURY_diff_lag_2,-46.965004,0
2011-09-01,TREASURY_diff_lag_2,-35.010998,0
2011-10-01,TREASURY_diff_lag_2,15.011,0
2011-11-01,TREASURY_diff_lag_2,3.8930016,0
2011-12-01,TREASURY_diff_lag_2,21.873001,0
2012-01-01,TREASURY_diff_lag_2,46.115997,0
2012-02-01,TREASURY_diff_lag_2,6.560997,0
2012-03-01,TREASURY_diff_lag_2,-22.328995,0
2012-04-01,TREASURY_diff_lag_2,-13.738998,0
2012-05-01,TREASURY_diff_lag_2,32.020996,0
2012-06-01,TREASURY_diff_lag_2,28.608002,0
2012-07-01,TREASURY_diff_lag_2,-24.402,0
2012-08-01,TREASURY_diff_lag_2,-55.565002,0
2012-09-01,TREASURY_diff_lag_2,-20.190998,0
2012-10-01,TREASURY_diff_lag_2,33.781,0
2012-11-01,TREASURY_diff_lag_2,-24.005001,0
2012-12-01,TREASURY_diff_lag_2,-18.969997,0
2013-01-01,TREASURY_diff_lag_2,35.961,0
2013-02-01,TREASURY_diff_lag_2,-4.112999,0
2013-03-01,TREASURY_diff_lag_2,-10.917999,0
2013-04-01,TREASURY_diff_lag_2,44.776997,0
2013-05-01,TREASURY_diff_lag_2,32.778,0
2013-06-01,TREASURY_diff_lag_2,-24.138996,0
2013-07-01,TREASURY_diff_lag_2,-8.360001,0
2013-08-01,TREASURY_diff_lag_2,-9.047001,0
2013-09-01,TREASURY_diff_lag_2,-38.193996,0
2013-10-01,TREASURY_diff_lag_2,-17.762001,0
2013-11-01,TREASURY_diff_lag_2,4.7789993,0
2013-12-01,TREASURY_diff_lag_2,23.560001,0
2014-01-01,TREASURY_diff_lag_2,48.507,0
2014-02-01,TREASURY_diff_lag_2,-8.063,0
2014-03-01,TREASURY_diff_lag_2,-21.323997,0
2014-04-01,TREASURY_diff_lag_2,32.82,0
2014-05-01,TREASURY_diff_lag_2,-14.489002,0
2014-06-01,TREASURY_diff_lag_2,-15.780998,0
2014-07-01,TREASURY_diff_lag_2,11.463001,0
2014-08-01,TREASURY_diff_lag_2,-9.984001,0
2014-09-01,TREASURY_diff_lag_2,-4.156006,0
2014-10-01,TREASURY_diff_lag_2,49.335,0
2014-11-01,TREASURY_diff_lag_2,32.611,0
2014-12-01,TREASURY_diff_lag_2,18.404999,0
2015-01-01,TREASURY_diff_lag_2,78.198,0
2015-02-01,TREASURY_diff_lag_2,2.3919983,0
2015-03-01,TREASURY_diff_lag_2,-117.649994,0
2015-04-01,TREASURY_diff_lag_2,-18.112,0
2015-05-01,TREASURY_diff_lag_2,141.277,0
2015-06-01,TREASURY_diff_lag_2,92.68201,0
2015-07-01,TREASURY_diff_lag_2,-4.621994,0
2015-08-01,TREASURY_diff_lag_2,-26.279999,0
2015-09-01,TREASURY_diff_lag_2,-71.165,0
2015-10-01,TREASURY_diff_lag_2,-112.241005,0
2015-11-01,TREASURY_diff_lag_2,-16.088997,0
2015-12-01,TREASURY_diff_lag_2,166.42899,0
2016-01-01,TREASURY_diff_lag_2,207.521,0
2016-02-01,TREASURY_diff_lag_2,62.457993,0
2016-03-01,TREASURY_diff_lag_2,-62.699005,0
2016-04-01,TREASURY_diff_lag_2,-13.490997,0
2016-05-01,TREASURY_diff_lag_2,50.740997,0
2016-06-01,TREASURY_diff_lag_2,-1.8299866,0
2016-07-01,TREASURY_diff_lag_2,14.582001,0
2016-08-01,TREASURY_diff_lag_2,-8.291992,0
2016-09-01,TREASURY_diff_lag_2,-25.656982,0
2016-10-01,TREASURY_diff_lag_2,111.63498,0
2016-11-01,TREASURY_diff_lag_2,107.859985,0
2016-12-01,TREASURY_diff_lag_2,-21.975983,0
2017-01-01,TREASURY_diff_lag_2,-21.352997,0
2017-02-01,TREASURY_diff_lag_2,-47.067017,0
2017-03-01,TREASURY_diff_lag_2,-291.69098,0
2017-04-01,TREASURY_diff_lag_2,-159.64899,0
2017-05-01,TREASURY_diff_lag_2,105.91699,0
2017-06-01,TREASURY_diff_lag_2,29.134003,0
2017-07-01,TREASURY_diff_lag_2,-13.617996,0
2017-08-01,TREASURY_diff_lag_2,-60.822006,0
2017-09-01,TREASURY_diff_lag_2,-79.904,0
2017-10-01,TREASURY_diff_lag_2,55.516006,0
2017-11-01,TREASURY_diff_lag_2,76.307,0
2017-12-01,TREASURY_diff_lag_2,-38.95401,0
2018-01-01,TREASURY_diff_lag_2,60.598007,0
2018-02-01,TREASURY_diff_lag_2,67.306,0
2018-03-01,TREASURY_diff_lag_2,33.115997,0
2018-04-01,TREASURY_diff_lag_2,103.483,0
2018-05-01,TREASURY_diff_lag_2,78.478,0
2018-06-01,TREASURY_diff_lag_2,17.28299,0
2018-07-01,TREASURY_diff_lag_2,-14.595001,0
2018-08-01,TREASURY_diff_lag_2,16.85202,0
2018-09-01,TREASURY_diff_lag_2,-0.6289978,0
2018-10-01,TREASURY_diff_lag_2,11.372986,0
2018-11-01,TREASURY_diff_lag_2,-0.3630066,0
2018-12-01,TREASURY_diff_lag_2,-4.3869934,0
2019-01-01,TREASURY_diff_lag_2,43.166992,0
2019-02-01,TREASURY_diff_lag_2,-10.343994,0
2019-03-01,TREASURY_diff_lag_2,-106.00897,0
2000-01-01,CPIMEDSL_perc_diff_lag_1,0.2746223,0
2000-02-01,CPIMEDSL_perc_diff_lag_1,0.35211027,0
2000-03-01,CPIMEDSL_perc_diff_lag_1,0.46784103,0
2000-04-01,CPIMEDSL_perc_diff_lag_1,0.27162656,0
2000-05-01,CPIMEDSL_perc_diff_lag_1,0.30960461,0
2000-06-01,CPIMEDSL_perc_diff_lag_1,0.42437327,0
2000-07-01,CPIMEDSL_perc_diff_lag_1,0.34576428,0
2000-08-01,CPIMEDSL_perc_diff_lag_1,0.45941103,0
2000-09-01,CPIMEDSL_perc_diff_lag_1,0.34298548,0
2000-10-01,CPIMEDSL_perc_diff_lag_1,0.3038429,0
2000-11-01,CPIMEDSL_perc_diff_lag_1,0.22718897,0
2000-12-01,CPIMEDSL_perc_diff_lag_1,0.34000525,0
2001-01-01,CPIMEDSL_perc_diff_lag_1,0.6024119,0
2001-02-01,CPIMEDSL_perc_diff_lag_1,0.4116675,0
2001-03-01,CPIMEDSL_perc_diff_lag_1,0.40999112,0
2001-04-01,CPIMEDSL_perc_diff_lag_1,0.37119526,0
2001-05-01,CPIMEDSL_perc_diff_lag_1,0.332838,0
2001-06-01,CPIMEDSL_perc_diff_lag_1,0.4054575,0
2001-07-01,CPIMEDSL_perc_diff_lag_1,0.14684065,0
2001-08-01,CPIMEDSL_perc_diff_lag_1,0.5498534,0
2001-09-01,CPIMEDSL_perc_diff_lag_1,0.32811683,0
2001-10-01,CPIMEDSL_perc_diff_lag_1,0.3997004,0
2001-11-01,CPIMEDSL_perc_diff_lag_1,0.39812022,0
2001-12-01,CPIMEDSL_perc_diff_lag_1,0.28839883,0
2002-01-01,CPIMEDSL_perc_diff_lag_1,0.575117,0
2002-02-01,CPIMEDSL_perc_diff_lag_1,0.21444108,0
2002-03-01,CPIMEDSL_perc_diff_lag_1,0.3566334,0
2002-04-01,CPIMEDSL_perc_diff_lag_1,0.46198234,0
2002-05-01,CPIMEDSL_perc_diff_lag_1,0.42447174,0
2002-06-01,CPIMEDSL_perc_diff_lag_1,0.24656999,0
2002-07-01,CPIMEDSL_perc_diff_lag_1,0.6324623,0
2002-08-01,CPIMEDSL_perc_diff_lag_1,0.279336,0
2002-09-01,CPIMEDSL_perc_diff_lag_1,0.31336832,0
2002-10-01,CPIMEDSL_perc_diff_lag_1,0.59006655,0
2002-11-01,CPIMEDSL_perc_diff_lag_1,0.48310024,0
2002-12-01,CPIMEDSL_perc_diff_lag_1,0.30906382,0
2003-01-01,CPIMEDSL_perc_diff_lag_1,0.2054112,0
2003-02-01,CPIMEDSL_perc_diff_lag_1,0.102489844,0
2003-03-01,CPIMEDSL_perc_diff_lag_1,0.13651669,0
2003-04-01,CPIMEDSL_perc_diff_lag_1,0.20450106,0
2003-05-01,CPIMEDSL_perc_diff_lag_1,0.40816742,0
2003-06-01,CPIMEDSL_perc_diff_lag_1,0.30487597,0
2003-07-01,CPIMEDSL_perc_diff_lag_1,0.43903673,0
2003-08-01,CPIMEDSL_perc_diff_lag_1,0.30262068,0
2003-09-01,CPIMEDSL_perc_diff_lag_1,0.5028495,0
2003-10-01,CPIMEDSL_perc_diff_lag_1,0.20013547,0
2003-11-01,CPIMEDSL_perc_diff_lag_1,0.3328895,0
2003-12-01,CPIMEDSL_perc_diff_lag_1,0.53085804,0
2004-01-01,CPIMEDSL_perc_diff_lag_1,0.26402238,0
2004-02-01,CPIMEDSL_perc_diff_lag_1,0.46083754,0
2004-03-01,CPIMEDSL_perc_diff_lag_1,0.42594618,0
2004-04-01,CPIMEDSL_perc_diff_lag_1,0.42413956,0
2004-05-01,CPIMEDSL_perc_diff_lag_1,0.259915,0
2004-06-01,CPIMEDSL_perc_diff_lag_1,0.38884693,0
2004-07-01,CPIMEDSL_perc_diff_lag_1,0.3227889,0
2004-08-01,CPIMEDSL_perc_diff_lag_1,0.32175034,0
2004-09-01,CPIMEDSL_perc_diff_lag_1,0.35279223,0
2004-10-01,CPIMEDSL_perc_diff_lag_1,0.35155198,0
2004-11-01,CPIMEDSL_perc_diff_lag_1,0.22293383,0
2004-12-01,CPIMEDSL_perc_diff_lag_1,0.34953147,0
2005-01-01,CPIMEDSL_perc_diff_lag_1,0.34832367,0
2005-02-01,CPIMEDSL_perc_diff_lag_1,0.47333544,0
2005-03-01,CPIMEDSL_perc_diff_lag_1,0.4082972,0
2005-04-01,CPIMEDSL_perc_diff_lag_1,0.31279323,0
2005-05-01,CPIMEDSL_perc_diff_lag_1,0.34299207,0
2005-06-01,CPIMEDSL_perc_diff_lag_1,0.31075203,0
2005-07-01,CPIMEDSL_perc_diff_lag_1,0.40273184,0
2005-08-01,CPIMEDSL_perc_diff_lag_1,0.030856557,0
2005-09-01,CPIMEDSL_perc_diff_lag_1,0.3392892,0
2005-10-01,CPIMEDSL_perc_diff_lag_1,0.49185556,0
2005-11-01,CPIMEDSL_perc_diff_lag_1,0.5506327,0
2005-12-01,CPIMEDSL_perc_diff_lag_1,0.15211439,0
2006-01-01,CPIMEDSL_perc_diff_lag_1,0.12150482,0
2006-02-01,CPIMEDSL_perc_diff_lag_1,0.48543873,0
2006-03-01,CPIMEDSL_perc_diff_lag_1,0.42270344,0
2006-04-01,CPIMEDSL_perc_diff_lag_1,0.36078823,0
2006-05-01,CPIMEDSL_perc_diff_lag_1,0.35950038,0
2006-06-01,CPIMEDSL_perc_diff_lag_1,0.29850745,0
2006-07-01,CPIMEDSL_perc_diff_lag_1,0.26785532,0
2006-08-01,CPIMEDSL_perc_diff_lag_1,0.3561924,0
2006-09-01,CPIMEDSL_perc_diff_lag_1,0.29577047,0
2006-10-01,CPIMEDSL_perc_diff_lag_1,0.26540664,0
2006-11-01,CPIMEDSL_perc_diff_lag_1,0.23529053,0
2006-12-01,CPIMEDSL_perc_diff_lag_1,0.11737806,0
2007-01-01,CPIMEDSL_perc_diff_lag_1,0.69724435,0
2007-02-01,CPIMEDSL_perc_diff_lag_1,0.51545525,0
2007-03-01,CPIMEDSL_perc_diff_lag_1,0.15896358,0
2007-04-01,CPIMEDSL_perc_diff_lag_1,0.4108195,0
2007-05-01,CPIMEDSL_perc_diff_lag_1,0.33715016,0
2007-06-01,CPIMEDSL_perc_diff_lag_1,0.2932653,0
2007-07-01,CPIMEDSL_perc_diff_lag_1,0.6311621,0
2007-08-01,CPIMEDSL_perc_diff_lag_1,0.47111842,0
2007-09-01,CPIMEDSL_perc_diff_lag_1,0.32684696,0
2007-10-01,CPIMEDSL_perc_diff_lag_1,0.5110924,0
2007-11-01,CPIMEDSL_perc_diff_lag_1,0.39484793,0
2007-12-01,CPIMEDSL_perc_diff_lag_1,0.32368678,0
2008-01-01,CPIMEDSL_perc_diff_lag_1,0.43326515,0
2008-02-01,CPIMEDSL_perc_diff_lag_1,0.0796163,0
2008-03-01,CPIMEDSL_perc_diff_lag_1,0.2170449,0
2008-04-01,CPIMEDSL_perc_diff_lag_1,0.14908777,0
2008-05-01,CPIMEDSL_perc_diff_lag_1,0.16184586,0
2008-06-01,CPIMEDSL_perc_diff_lag_1,0.27932668,0
2008-07-01,CPIMEDSL_perc_diff_lag_1,0.13336666,0
2008-08-01,CPIMEDSL_perc_diff_lag_1,0.2254484,0
2008-09-01,CPIMEDSL_perc_diff_lag_1,0.236731,0
2008-10-01,CPIMEDSL_perc_diff_lag_1,0.18833192,0
2008-11-01,CPIMEDSL_perc_diff_lag_1,0.2534625,0
2008-12-01,CPIMEDSL_perc_diff_lag_1,0.3507795,0
2009-01-01,CPIMEDSL_perc_diff_lag_1,0.29180342,0
2009-02-01,CPIMEDSL_perc_diff_lag_1,0.2782382,0
2009-03-01,CPIMEDSL_perc_diff_lag_1,0.22973786,0
2009-04-01,CPIMEDSL_perc_diff_lag_1,0.36911243,0
2009-05-01,CPIMEDSL_perc_diff_lag_1,0.34363228,0
2009-06-01,CPIMEDSL_perc_diff_lag_1,0.21850501,0
2009-07-01,CPIMEDSL_perc_diff_lag_1,0.21963103,0
2009-08-01,CPIMEDSL_perc_diff_lag_1,0.28989187,0
2009-09-01,CPIMEDSL_perc_diff_lag_1,0.33625978,0
2009-10-01,CPIMEDSL_perc_diff_lag_1,0.24632064,0
2009-11-01,CPIMEDSL_perc_diff_lag_1,0.30557728,0
2009-12-01,CPIMEDSL_perc_diff_lag_1,0.17373642,0
2010-01-01,CPIMEDSL_perc_diff_lag_1,0.42796245,0
2010-02-01,CPIMEDSL_perc_diff_lag_1,0.4091554,0
2010-03-01,CPIMEDSL_perc_diff_lag_1,0.3653298,0
2010-04-01,CPIMEDSL_perc_diff_lag_1,0.22736748,0
2010-05-01,CPIMEDSL_perc_diff_lag_1,0.13063096,0
2010-06-01,CPIMEDSL_perc_diff_lag_1,0.28261718,0
2010-07-01,CPIMEDSL_perc_diff_lag_1,-0.016745094,0
2010-08-01,CPIMEDSL_perc_diff_lag_1,0.24116187,0
2010-09-01,CPIMEDSL_perc_diff_lag_1,0.5729218,0
2010-10-01,CPIMEDSL_perc_diff_lag_1,0.16305138,0
2010-11-01,CPIMEDSL_perc_diff_lag_1,0.15538873,0
2010-12-01,CPIMEDSL_perc_diff_lag_1,0.2494055,0
2011-01-01,CPIMEDSL_perc_diff_lag_1,0.14179505,0
2011-02-01,CPIMEDSL_perc_diff_lag_1,0.3669417,0
2011-03-01,CPIMEDSL_perc_diff_lag_1,0.19518787,0
2011-04-01,CPIMEDSL_perc_diff_lag_1,0.3560474,0
2011-05-01,CPIMEDSL_perc_diff_lag_1,0.256479,0
2011-06-01,CPIMEDSL_perc_diff_lag_1,0.17430152,0
2011-07-01,CPIMEDSL_perc_diff_lag_1,0.2811646,0
2011-08-01,CPIMEDSL_perc_diff_lag_1,0.2117127,0
2011-09-01,CPIMEDSL_perc_diff_lag_1,0.20304655,0
2011-10-01,CPIMEDSL_perc_diff_lag_1,0.46394533,0
2011-11-01,CPIMEDSL_perc_diff_lag_1,0.4165175,0
2011-12-01,CPIMEDSL_perc_diff_lag_1,0.36451024,0
2012-01-01,CPIMEDSL_perc_diff_lag_1,0.28583393,0
2012-02-01,CPIMEDSL_perc_diff_lag_1,0.12145188,0
2012-03-01,CPIMEDSL_perc_diff_lag_1,0.33431333,0
2012-04-01,CPIMEDSL_perc_diff_lag_1,0.29689136,0
2012-05-01,CPIMEDSL_perc_diff_lag_1,0.3375679,0
2012-06-01,CPIMEDSL_perc_diff_lag_1,0.5873575,0
2012-07-01,CPIMEDSL_perc_diff_lag_1,0.41296455,0
2012-08-01,CPIMEDSL_perc_diff_lag_1,0.1321318,0
2012-09-01,CPIMEDSL_perc_diff_lag_1,0.21506394,0
2012-10-01,CPIMEDSL_perc_diff_lag_1,0.14744891,0
2012-11-01,CPIMEDSL_perc_diff_lag_1,0.10475466,0
2012-12-01,CPIMEDSL_perc_diff_lag_1,0.1935624,0
2013-01-01,CPIMEDSL_perc_diff_lag_1,0.18866515,0
2013-02-01,CPIMEDSL_perc_diff_lag_1,0.11564553,0
2013-03-01,CPIMEDSL_perc_diff_lag_1,0.35293466,0
2013-04-01,CPIMEDSL_perc_diff_lag_1,-0.015125745,0
2013-05-01,CPIMEDSL_perc_diff_lag_1,-0.1675987,0
2013-06-01,CPIMEDSL_perc_diff_lag_1,0.4664756,0
2013-07-01,CPIMEDSL_perc_diff_lag_1,0.17016466,0
2013-08-01,CPIMEDSL_perc_diff_lag_1,0.5082266,0
2013-09-01,CPIMEDSL_perc_diff_lag_1,0.2626623,0
2013-10-01,CPIMEDSL_perc_diff_lag_1,0.06910971,0
2013-11-01,CPIMEDSL_perc_diff_lag_1,-0.023568941,0
2013-12-01,CPIMEDSL_perc_diff_lag_1,0.0319787,0
2014-01-01,CPIMEDSL_perc_diff_lag_1,0.31893006,0
2014-02-01,CPIMEDSL_perc_diff_lag_1,0.26697886,0
2014-03-01,CPIMEDSL_perc_diff_lag_1,0.24910994,0
2014-04-01,CPIMEDSL_perc_diff_lag_1,0.24270813,0
2014-05-01,CPIMEDSL_perc_diff_lag_1,0.23126613,0
2014-06-01,CPIMEDSL_perc_diff_lag_1,0.21300927,0
2014-07-01,CPIMEDSL_perc_diff_lag_1,0.15556575,0
2014-08-01,CPIMEDSL_perc_diff_lag_1,0.040602442,0
2014-09-01,CPIMEDSL_perc_diff_lag_1,0.24080725,0
2014-10-01,CPIMEDSL_perc_diff_lag_1,0.15259801,0
2014-11-01,CPIMEDSL_perc_diff_lag_1,0.37691918,0
2014-12-01,CPIMEDSL_perc_diff_lag_1,0.4679022,0
2015-01-01,CPIMEDSL_perc_diff_lag_1,-0.038276244,0
2015-02-01,CPIMEDSL_perc_diff_lag_1,-0.048498116,0
2015-03-01,CPIMEDSL_perc_diff_lag_1,0.38315013,0
2015-04-01,CPIMEDSL_perc_diff_lag_1,0.7048795,0
2015-05-01,CPIMEDSL_perc_diff_lag_1,0.14487725,0
2015-06-01,CPIMEDSL_perc_diff_lag_1,-0.10548001,0
2015-07-01,CPIMEDSL_perc_diff_lag_1,0.14930843,0
2015-08-01,CPIMEDSL_perc_diff_lag_1,0.020145442,0
2015-09-01,CPIMEDSL_perc_diff_lag_1,0.22850125,0
2015-10-01,CPIMEDSL_perc_diff_lag_1,0.67568195,0
2015-11-01,CPIMEDSL_perc_diff_lag_1,0.3422271,0
2015-12-01,CPIMEDSL_perc_diff_lag_1,0.09858567,0
2016-01-01,CPIMEDSL_perc_diff_lag_1,0.35044143,0
2016-02-01,CPIMEDSL_perc_diff_lag_1,0.4605579,0
2016-03-01,CPIMEDSL_perc_diff_lag_1,0.1607768,0
2016-04-01,CPIMEDSL_perc_diff_lag_1,0.42578304,0
2016-05-01,CPIMEDSL_perc_diff_lag_1,0.26261783,0
2016-06-01,CPIMEDSL_perc_diff_lag_1,0.3088438,0
2016-07-01,CPIMEDSL_perc_diff_lag_1,0.5023314,0
2016-08-01,CPIMEDSL_perc_diff_lag_1,0.977879,0
2016-09-01,CPIMEDSL_perc_diff_lag_1,0.23041826,0
2016-10-01,CPIMEDSL_perc_diff_lag_1,0.07258682,0
2016-11-01,CPIMEDSL_perc_diff_lag_1,0.06976886,0
2016-12-01,CPIMEDSL_perc_diff_lag_1,0.17812775,0
2017-01-01,CPIMEDSL_perc_diff_lag_1,0.1374895,0
2017-02-01,CPIMEDSL_perc_diff_lag_1,0.16993655,0
2017-03-01,CPIMEDSL_perc_diff_lag_1,0.07975017,0
2017-04-01,CPIMEDSL_perc_diff_lag_1,-0.06975321,0
2017-05-01,CPIMEDSL_perc_diff_lag_1,-0.04229812,0
2017-06-01,CPIMEDSL_perc_diff_lag_1,0.32543877,0
2017-07-01,CPIMEDSL_perc_diff_lag_1,0.42689168,0
2017-08-01,CPIMEDSL_perc_diff_lag_1,0.22618692,0
2017-09-01,CPIMEDSL_perc_diff_lag_1,-0.0119453585,0
2017-10-01,CPIMEDSL_perc_diff_lag_1,0.18651183,0
2017-11-01,CPIMEDSL_perc_diff_lag_1,0.06212509,0
2017-12-01,CPIMEDSL_perc_diff_lag_1,0.27489808,0
2018-01-01,CPIMEDSL_perc_diff_lag_1,0.32751644,0
2018-02-01,CPIMEDSL_perc_diff_lag_1,-0.033869244,0
2018-03-01,CPIMEDSL_perc_diff_lag_1,0.2935018,0
2018-04-01,CPIMEDSL_perc_diff_lag_1,0.14259605,0
2018-05-01,CPIMEDSL_perc_diff_lag_1,0.13907713,0
2018-06-01,CPIMEDSL_perc_diff_lag_1,0.39970455,0
2018-07-01,CPIMEDSL_perc_diff_lag_1,-0.1189823,0
2018-08-01,CPIMEDSL_perc_diff_lag_1,-0.1236588,0
2018-09-01,CPIMEDSL_perc_diff_lag_1,0.18365549,0
2018-10-01,CPIMEDSL_perc_diff_lag_1,0.15468703,0
2018-11-01,CPIMEDSL_perc_diff_lag_1,0.3724353,0
2018-12-01,CPIMEDSL_perc_diff_lag_1,0.2524316,0
2019-01-01,CPIMEDSL_perc_diff_lag_1,0.22337997,0
2019-02-01,CPIMEDSL_perc_diff_lag_1,-0.205756,0
2019-03-01,CPIMEDSL_perc_diff_lag_1,0.28893793,0
2000-01-01,NHSDPC_diff_lag_1,1.0,0
2000-02-01,NHSDPC_diff_lag_1,3.0,0
2000-03-01,NHSDPC_diff_lag_1,0.0,0
2000-04-01,NHSDPC_diff_lag_1,0.0,0
2000-05-01,NHSDPC_diff_lag_1,-1.0,0
2000-06-01,NHSDPC_diff_lag_1,1.0,0
2000-07-01,NHSDPC_diff_lag_1,3.0,0
2000-08-01,NHSDPC_diff_lag_1,-5.0,0
2000-09-01,NHSDPC_diff_lag_1,3.0,0
2000-10-01,NHSDPC_diff_lag_1,-1.0,0
2000-11-01,NHSDPC_diff_lag_1,-2.0,0
2000-12-01,NHSDPC_diff_lag_1,4.0,0
2001-01-01,NHSDPC_diff_lag_1,-1.0,0
2001-02-01,NHSDPC_diff_lag_1,-1.0,0
2001-03-01,NHSDPC_diff_lag_1,5.0,0
2001-04-01,NHSDPC_diff_lag_1,-5.0,0
2001-05-01,NHSDPC_diff_lag_1,0.0,0
2001-06-01,NHSDPC_diff_lag_1,0.0,0
2001-07-01,NHSDPC_diff_lag_1,2.0,0
2001-08-01,NHSDPC_diff_lag_1,-2.0,0
2001-09-01,NHSDPC_diff_lag_1,-1.0,0
2001-10-01,NHSDPC_diff_lag_1,1.0,0
2001-11-01,NHSDPC_diff_lag_1,2.0,0
2001-12-01,NHSDPC_diff_lag_1,-2.0,0
2002-01-01,NHSDPC_diff_lag_1,-2.0,0
2002-02-01,NHSDPC_diff_lag_1,3.0,0
2002-03-01,NHSDPC_diff_lag_1,2.0,0
2002-04-01,NHSDPC_diff_lag_1,-3.0,0
2002-05-01,NHSDPC_diff_lag_1,4.0,0
2002-06-01,NHSDPC_diff_lag_1,-3.0,0
2002-07-01,NHSDPC_diff_lag_1,4.0,0
2002-08-01,NHSDPC_diff_lag_1,0.0,0
2002-09-01,NHSDPC_diff_lag_1,-2.0,0
2002-10-01,NHSDPC_diff_lag_1,0.0,0
2002-11-01,NHSDPC_diff_lag_1,0.0,0
2002-12-01,NHSDPC_diff_lag_1,0.0,0
2003-01-01,NHSDPC_diff_lag_1,-2.0,0
2003-02-01,NHSDPC_diff_lag_1,0.0,0
2003-03-01,NHSDPC_diff_lag_1,5.0,0
2003-04-01,NHSDPC_diff_lag_1,-3.0,0
2003-05-01,NHSDPC_diff_lag_1,2.0,0
2003-06-01,NHSDPC_diff_lag_1,2.0,0
2003-07-01,NHSDPC_diff_lag_1,-2.0,0
2003-08-01,NHSDPC_diff_lag_1,1.0,0
2003-09-01,NHSDPC_diff_lag_1,-2.0,0
2003-10-01,NHSDPC_diff_lag_1,-2.0,0
2003-11-01,NHSDPC_diff_lag_1,-2.0,0
2003-12-01,NHSDPC_diff_lag_1,-1.0,0
2004-01-01,NHSDPC_diff_lag_1,1.0,0
2004-02-01,NHSDPC_diff_lag_1,5.0,0
2004-03-01,NHSDPC_diff_lag_1,5.0,0
2004-04-01,NHSDPC_diff_lag_1,-9.0,0
2004-05-01,NHSDPC_diff_lag_1,7.0,0
2004-06-01,NHSDPC_diff_lag_1,0.0,0
2004-07-01,NHSDPC_diff_lag_1,-6.0,0
2004-08-01,NHSDPC_diff_lag_1,5.0,0
2004-09-01,NHSDPC_diff_lag_1,-1.0,0
2004-10-01,NHSDPC_diff_lag_1,-5.0,0
2004-11-01,NHSDPC_diff_lag_1,1.0,0
2004-12-01,NHSDPC_diff_lag_1,0.0,0
2005-01-01,NHSDPC_diff_lag_1,-2.0,0
2005-02-01,NHSDPC_diff_lag_1,5.0,0
2005-03-01,NHSDPC_diff_lag_1,5.0,0
2005-04-01,NHSDPC_diff_lag_1,-1.0,0
2005-05-01,NHSDPC_diff_lag_1,4.0,0
2005-06-01,NHSDPC_diff_lag_1,-1.0,0
2005-07-01,NHSDPC_diff_lag_1,-4.0,0
2005-08-01,NHSDPC_diff_lag_1,-2.0,0
2005-09-01,NHSDPC_diff_lag_1,0.0,0
2005-10-01,NHSDPC_diff_lag_1,0.0,0
2005-11-01,NHSDPC_diff_lag_1,-2.0,0
2005-12-01,NHSDPC_diff_lag_1,3.0,0
2006-01-01,NHSDPC_diff_lag_1,-5.0,0
2006-02-01,NHSDPC_diff_lag_1,1.0,0
2006-03-01,NHSDPC_diff_lag_1,9.0,0
2006-04-01,NHSDPC_diff_lag_1,-3.0,0
2006-05-01,NHSDPC_diff_lag_1,6.0,0
2006-06-01,NHSDPC_diff_lag_1,-4.0,0
2006-07-01,NHSDPC_diff_lag_1,-3.0,0
2006-08-01,NHSDPC_diff_lag_1,1.0,0
2006-09-01,NHSDPC_diff_lag_1,1.0,0
2006-10-01,NHSDPC_diff_lag_1,-1.0,0
2006-11-01,NHSDPC_diff_lag_1,0.0,0
2006-12-01,NHSDPC_diff_lag_1,2.0,0
2007-01-01,NHSDPC_diff_lag_1,-6.0,0
2007-02-01,NHSDPC_diff_lag_1,0.0,0
2007-03-01,NHSDPC_diff_lag_1,6.0,0
2007-04-01,NHSDPC_diff_lag_1,1.0,0
2007-05-01,NHSDPC_diff_lag_1,1.0,0
2007-06-01,NHSDPC_diff_lag_1,-3.0,0
2007-07-01,NHSDPC_diff_lag_1,1.0,0
2007-08-01,NHSDPC_diff_lag_1,-3.0,0
2007-09-01,NHSDPC_diff_lag_1,-1.0,0
2007-10-01,NHSDPC_diff_lag_1,1.0,0
2007-11-01,NHSDPC_diff_lag_1,-2.0,0
2007-12-01,NHSDPC_diff_lag_1,-3.0,0
2008-01-01,NHSDPC_diff_lag_1,0.0,0
2008-02-01,NHSDPC_diff_lag_1,3.0,0
2008-03-01,NHSDPC_diff_lag_1,0.0,0
2008-04-01,NHSDPC_diff_lag_1,-3.0,0
2008-05-01,NHSDPC_diff_lag_1,0.0,0
2008-06-01,NHSDPC_diff_lag_1,0.0,0
2008-07-01,NHSDPC_diff_lag_1,-1.0,0
2008-08-01,NHSDPC_diff_lag_1,-2.0,0
2008-09-01,NHSDPC_diff_lag_1,0.0,0
2008-10-01,NHSDPC_diff_lag_1,-1.0,0
2008-11-01,NHSDPC_diff_lag_1,-2.0,0
2008-12-01,NHSDPC_diff_lag_1,0.0,0
2009-01-01,NHSDPC_diff_lag_1,-3.0,0
2009-02-01,NHSDPC_diff_lag_1,3.0,0
2009-03-01,NHSDPC_diff_lag_1,1.0,0
2009-04-01,NHSDPC_diff_lag_1,0.0,0
2009-05-01,NHSDPC_diff_lag_1,-1.0,0
2009-06-01,NHSDPC_diff_lag_1,2.0,0
2009-07-01,NHSDPC_diff_lag_1,0.0,0
2009-08-01,NHSDPC_diff_lag_1,-2.0,0
2009-09-01,NHSDPC_diff_lag_1,-1.0,0
2009-10-01,NHSDPC_diff_lag_1,1.0,0
2009-11-01,NHSDPC_diff_lag_1,-4.0,0
2009-12-01,NHSDPC_diff_lag_1,-1.0,0
2010-01-01,NHSDPC_diff_lag_1,-2.0,0
2010-02-01,NHSDPC_diff_lag_1,2.0,0
2010-03-01,NHSDPC_diff_lag_1,3.0,0
2010-04-01,NHSDPC_diff_lag_1,5.0,0
2010-05-01,NHSDPC_diff_lag_1,-6.0,0
2010-06-01,NHSDPC_diff_lag_1,1.0,0
2010-07-01,NHSDPC_diff_lag_1,-1.0,0
2010-08-01,NHSDPC_diff_lag_1,-2.0,0
2010-09-01,NHSDPC_diff_lag_1,1.0,0
2010-10-01,NHSDPC_diff_lag_1,0.0,0
2010-11-01,NHSDPC_diff_lag_1,0.0,0
2010-12-01,NHSDPC_diff_lag_1,0.0,0
2011-01-01,NHSDPC_diff_lag_1,-3.0,0
2011-02-01,NHSDPC_diff_lag_1,1.0,0
2011-03-01,NHSDPC_diff_lag_1,3.0,0
2011-04-01,NHSDPC_diff_lag_1,2.0,0
2011-05-01,NHSDPC_diff_lag_1,-3.0,0
2011-06-01,NHSDPC_diff_lag_1,1.0,0
2011-07-01,NHSDPC_diff_lag_1,-2.0,0
2011-08-01,NHSDPC_diff_lag_1,0.0,0
2011-09-01,NHSDPC_diff_lag_1,0.0,0
2011-10-01,NHSDPC_diff_lag_1,1.0,0
2011-11-01,NHSDPC_diff_lag_1,-1.0,0
2011-12-01,NHSDPC_diff_lag_1,1.0,0
2012-01-01,NHSDPC_diff_lag_1,-2.0,0
2012-02-01,NHSDPC_diff_lag_1,1.0,0
2012-03-01,NHSDPC_diff_lag_1,2.0,0
2012-04-01,NHSDPC_diff_lag_1,-1.0,0
2012-05-01,NHSDPC_diff_lag_1,0.0,0
2012-06-01,NHSDPC_diff_lag_1,-1.0,0
2012-07-01,NHSDPC_diff_lag_1,1.0,0
2012-08-01,NHSDPC_diff_lag_1,-2.0,0
2012-09-01,NHSDPC_diff_lag_1,0.0,0
2012-10-01,NHSDPC_diff_lag_1,0.0,0
2012-11-01,NHSDPC_diff_lag_1,0.0,0
2012-12-01,NHSDPC_diff_lag_1,0.0,0
2013-01-01,NHSDPC_diff_lag_1,1.0,0
2013-02-01,NHSDPC_diff_lag_1,-1.0,0
2013-03-01,NHSDPC_diff_lag_1,3.0,0
2013-04-01,NHSDPC_diff_lag_1,0.0,0
2013-05-01,NHSDPC_diff_lag_1,0.0,0
2013-06-01,NHSDPC_diff_lag_1,0.0,0
2013-07-01,NHSDPC_diff_lag_1,-4.0,0
2013-08-01,NHSDPC_diff_lag_1,1.0,0
2013-09-01,NHSDPC_diff_lag_1,0.0,0
2013-10-01,NHSDPC_diff_lag_1,2.0,0
2013-11-01,NHSDPC_diff_lag_1,-1.0,0
2013-12-01,NHSDPC_diff_lag_1,-1.0,0
2014-01-01,NHSDPC_diff_lag_1,0.0,0
2014-02-01,NHSDPC_diff_lag_1,2.0,0
2014-03-01,NHSDPC_diff_lag_1,-1.0,0
2014-04-01,NHSDPC_diff_lag_1,1.0,0
2014-05-01,NHSDPC_diff_lag_1,2.0,0
2014-06-01,NHSDPC_diff_lag_1,-1.0,0
2014-07-01,NHSDPC_diff_lag_1,-2.0,0
2014-08-01,NHSDPC_diff_lag_1,1.0,0
2014-09-01,NHSDPC_diff_lag_1,0.0,0
2014-10-01,NHSDPC_diff_lag_1,1.0,0
2014-11-01,NHSDPC_diff_lag_1,-3.0,0
2014-12-01,NHSDPC_diff_lag_1,5.0,0
2015-01-01,NHSDPC_diff_lag_1,0.0,0
2015-02-01,NHSDPC_diff_lag_1,0.0,0
2015-03-01,NHSDPC_diff_lag_1,1.0,0
2015-04-01,NHSDPC_diff_lag_1,0.0,0
2015-05-01,NHSDPC_diff_lag_1,-1.0,0
2015-06-01,NHSDPC_diff_lag_1,-1.0,0
2015-07-01,NHSDPC_diff_lag_1,0.0,0
2015-08-01,NHSDPC_diff_lag_1,0.0,0
2015-09-01,NHSDPC_diff_lag_1,-3.0,0
2015-10-01,NHSDPC_diff_lag_1,1.0,0
2015-11-01,NHSDPC_diff_lag_1,-1.0,0
2015-12-01,NHSDPC_diff_lag_1,2.0,0
2016-01-01,NHSDPC_diff_lag_1,-1.0,0
2016-02-01,NHSDPC_diff_lag_1,3.0,0
2016-03-01,NHSDPC_diff_lag_1,0.0,0
2016-04-01,NHSDPC_diff_lag_1,2.0,0
2016-05-01,NHSDPC_diff_lag_1,0.0,0
2016-06-01,NHSDPC_diff_lag_1,0.0,0
2016-07-01,NHSDPC_diff_lag_1,0.0,0
2016-08-01,NHSDPC_diff_lag_1,-3.0,0
2016-09-01,NHSDPC_diff_lag_1,0.0,0
2016-10-01,NHSDPC_diff_lag_1,3.0,0
2016-11-01,NHSDPC_diff_lag_1,-2.0,0
2016-12-01,NHSDPC_diff_lag_1,-1.0,0
2017-01-01,NHSDPC_diff_lag_1,1.0,0
2017-02-01,NHSDPC_diff_lag_1,2.0,0
2017-03-01,NHSDPC_diff_lag_1,4.0,0
2017-04-01,NHSDPC_diff_lag_1,-4.0,0
2017-05-01,NHSDPC_diff_lag_1,1.0,0
2017-06-01,NHSDPC_diff_lag_1,0.0,0
2017-07-01,NHSDPC_diff_lag_1,-2.0,0
2017-08-01,NHSDPC_diff_lag_1,0.0,0
2017-09-01,NHSDPC_diff_lag_1,1.0,0
2017-10-01,NHSDPC_diff_lag_1,1.0,0
2017-11-01,NHSDPC_diff_lag_1,-1.0,0
2017-12-01,NHSDPC_diff_lag_1,2.0,0
2018-01-01,NHSDPC_diff_lag_1,-2.0,0
2018-02-01,NHSDPC_diff_lag_1,1.0,0
2018-03-01,NHSDPC_diff_lag_1,5.0,0
2018-04-01,NHSDPC_diff_lag_1,-3.0,0
2018-05-01,NHSDPC_diff_lag_1,3.0,0
2018-06-01,NHSDPC_diff_lag_1,-4.0,0
2018-07-01,NHSDPC_diff_lag_1,-3.0,0
2018-08-01,NHSDPC_diff_lag_1,1.0,0
2018-09-01,NHSDPC_diff_lag_1,-1.0,0
2018-10-01,NHSDPC_diff_lag_1,-1.0,0
2018-11-01,NHSDPC_diff_lag_1,2.0,0
2018-12-01,NHSDPC_diff_lag_1,0.0,0
2019-01-01,NHSDPC_diff_lag_1,2.0,0
2019-02-01,NHSDPC_diff_lag_1,3.0,0
2019-03-01,NHSDPC_diff_lag_1,5.0,0
2000-01-01,DFXARC1M027SBEA_perc_diff_lag_1,-4.668253,0
2000-02-01,DFXARC1M027SBEA_perc_diff_lag_1,1.503757,0
2000-03-01,DFXARC1M027SBEA_perc_diff_lag_1,1.6334237,0
2000-04-01,DFXARC1M027SBEA_perc_diff_lag_1,0.16819744,0
2000-05-01,DFXARC1M027SBEA_perc_diff_lag_1,0.11193574,0
2000-06-01,DFXARC1M027SBEA_perc_diff_lag_1,1.1740681,0
2000-07-01,DFXARC1M027SBEA_perc_diff_lag_1,0.0,0
2000-08-01,DFXARC1M027SBEA_perc_diff_lag_1,0.25786763,0
2000-09-01,DFXARC1M027SBEA_perc_diff_lag_1,0.44093782,0
2000-10-01,DFXARC1M027SBEA_perc_diff_lag_1,0.7682481,0
2000-11-01,DFXARC1M027SBEA_perc_diff_lag_1,-0.054465204,0
2000-12-01,DFXARC1M027SBEA_perc_diff_lag_1,0.9081003,0
2001-01-01,DFXARC1M027SBEA_perc_diff_lag_1,0.21598493,0
2001-02-01,DFXARC1M027SBEA_perc_diff_lag_1,-0.16163136,0
2001-03-01,DFXARC1M027SBEA_perc_diff_lag_1,-0.19788389,0
2001-04-01,DFXARC1M027SBEA_perc_diff_lag_1,1.2977672,0
2001-05-01,DFXARC1M027SBEA_perc_diff_lag_1,0.51601857,0
2001-06-01,DFXARC1M027SBEA_perc_diff_lag_1,-0.24783579,0
2001-07-01,DFXARC1M027SBEA_perc_diff_lag_1,0.10647304,0
2001-08-01,DFXARC1M027SBEA_perc_diff_lag_1,0.39000395,0
2001-09-01,DFXARC1M027SBEA_perc_diff_lag_1,0.47678125,0
2001-10-01,DFXARC1M027SBEA_perc_diff_lag_1,0.105443865,0
2001-11-01,DFXARC1M027SBEA_perc_diff_lag_1,-0.1755618,0
2001-12-01,DFXARC1M027SBEA_perc_diff_lag_1,0.6858995,0
2002-01-01,DFXARC1M027SBEA_perc_diff_lag_1,-0.5764171,0
2002-02-01,DFXARC1M027SBEA_perc_diff_lag_1,0.3337954,0
2002-03-01,DFXARC1M027SBEA_perc_diff_lag_1,0.4552682,0
2002-04-01,DFXARC1M027SBEA_perc_diff_lag_1,-0.40090427,0
2002-05-01,DFXARC1M027SBEA_perc_diff_lag_1,0.3500175,0
2002-06-01,DFXARC1M027SBEA_perc_diff_lag_1,0.10463473,0
2002-07-01,DFXARC1M027SBEA_perc_diff_lag_1,0.45295742,0
2002-08-01,DFXARC1M027SBEA_perc_diff_lag_1,-0.41622674,0
2002-09-01,DFXARC1M027SBEA_perc_diff_lag_1,-0.12191086,0
2002-10-01,DFXARC1M027SBEA_perc_diff_lag_1,0.62772024,0
2002-11-01,DFXARC1M027SBEA_perc_diff_lag_1,1.0396812,0
2002-12-01,DFXARC1M027SBEA_perc_diff_lag_1,0.03430153,0
2003-01-01,DFXARC1M027SBEA_perc_diff_lag_1,0.6000343,0
2003-02-01,DFXARC1M027SBEA_perc_diff_lag_1,0.44308737,0
2003-03-01,DFXARC1M027SBEA_perc_diff_lag_1,0.18662632,0
2003-04-01,DFXARC1M027SBEA_perc_diff_lag_1,0.22015035,0
2003-05-01,DFXARC1M027SBEA_perc_diff_lag_1,-0.6083095,0
2003-06-01,DFXARC1M027SBEA_perc_diff_lag_1,1.2750765,0
2003-07-01,DFXARC1M027SBEA_perc_diff_lag_1,0.8897075,0
2003-08-01,DFXARC1M027SBEA_perc_diff_lag_1,1.0981656,0
2003-09-01,DFXARC1M027SBEA_perc_diff_lag_1,0.19750038,0
2003-10-01,DFXARC1M027SBEA_perc_diff_lag_1,0.18068933,0
2003-11-01,DFXARC1M027SBEA_perc_diff_lag_1,0.52466816,0
2003-12-01,DFXARC1M027SBEA_perc_diff_lag_1,-0.13048244,0
2004-01-01,DFXARC1M027SBEA_perc_diff_lag_1,1.4045463,0
2004-02-01,DFXARC1M027SBEA_perc_diff_lag_1,-0.61202264,0
2004-03-01,DFXARC1M027SBEA_perc_diff_lag_1,1.0209122,0
2004-04-01,DFXARC1M027SBEA_perc_diff_lag_1,0.3208213,0
2004-05-01,DFXARC1M027SBEA_perc_diff_lag_1,0.5116647,0
2004-06-01,DFXARC1M027SBEA_perc_diff_lag_1,0.095456034,0
2004-07-01,DFXARC1M027SBEA_perc_diff_lag_1,0.3655416,0
2004-08-01,DFXARC1M027SBEA_perc_diff_lag_1,0.5067319,0
2004-09-01,DFXARC1M027SBEA_perc_diff_lag_1,0.89806396,0
2004-10-01,DFXARC1M027SBEA_perc_diff_lag_1,0.42160386,0
2004-11-01,DFXARC1M027SBEA_perc_diff_lag_1,0.54423887,0
2004-12-01,DFXARC1M027SBEA_perc_diff_lag_1,0.57222587,0
2005-01-01,DFXARC1M027SBEA_perc_diff_lag_1,0.46132556,0
2005-02-01,DFXARC1M027SBEA_perc_diff_lag_1,0.3214506,0
2005-03-01,DFXARC1M027SBEA_perc_diff_lag_1,0.21360442,0
2005-04-01,DFXARC1M027SBEA_perc_diff_lag_1,1.1266785,0
2005-05-01,DFXARC1M027SBEA_perc_diff_lag_1,-0.33122736,0
2005-06-01,DFXARC1M027SBEA_perc_diff_lag_1,0.7099716,0
2005-07-01,DFXARC1M027SBEA_perc_diff_lag_1,-0.06000066,0
2005-08-01,DFXARC1M027SBEA_perc_diff_lag_1,0.67537147,0
2005-09-01,DFXARC1M027SBEA_perc_diff_lag_1,0.7006578,0
2005-10-01,DFXARC1M027SBEA_perc_diff_lag_1,0.81421167,0
2005-11-01,DFXARC1M027SBEA_perc_diff_lag_1,0.19089395,0
2005-12-01,DFXARC1M027SBEA_perc_diff_lag_1,0.3224406,0
2006-01-01,DFXARC1M027SBEA_perc_diff_lag_1,0.058440384,0
2006-02-01,DFXARC1M027SBEA_perc_diff_lag_1,1.0220469,0
2006-03-01,DFXARC1M027SBEA_perc_diff_lag_1,-0.3179668,0
2006-04-01,DFXARC1M027SBEA_perc_diff_lag_1,0.44946724,0
2006-05-01,DFXARC1M027SBEA_perc_diff_lag_1,0.63510746,0
2006-06-01,DFXARC1M027SBEA_perc_diff_lag_1,-0.05737585,0
2006-07-01,DFXARC1M027SBEA_perc_diff_lag_1,0.4161918,0
2006-08-01,DFXARC1M027SBEA_perc_diff_lag_1,0.5287998,0
2006-09-01,DFXARC1M027SBEA_perc_diff_lag_1,-0.18482354,0
2006-10-01,DFXARC1M027SBEA_perc_diff_lag_1,1.481274,0
2006-11-01,DFXARC1M027SBEA_perc_diff_lag_1,-0.014031661,0
2006-12-01,DFXARC1M027SBEA_perc_diff_lag_1,1.0247035,0
2007-01-01,DFXARC1M027SBEA_perc_diff_lag_1,0.40294057,0
2007-02-01,DFXARC1M027SBEA_perc_diff_lag_1,0.41516745,0
2007-03-01,DFXARC1M027SBEA_perc_diff_lag_1,0.39967263,0
2007-04-01,DFXARC1M027SBEA_perc_diff_lag_1,-0.13726836,0
2007-05-01,DFXARC1M027SBEA_perc_diff_lag_1,0.5773213,0
2007-06-01,DFXARC1M027SBEA_perc_diff_lag_1,0.61500615,0
2007-07-01,DFXARC1M027SBEA_perc_diff_lag_1,0.6791633,0
2007-08-01,DFXARC1M027SBEA_perc_diff_lag_1,-0.40474904,0
2007-09-01,DFXARC1M027SBEA_perc_diff_lag_1,0.54185855,0
2007-10-01,DFXARC1M027SBEA_perc_diff_lag_1,0.3907253,0
2007-11-01,DFXARC1M027SBEA_perc_diff_lag_1,0.9260535,0
2007-12-01,DFXARC1M027SBEA_perc_diff_lag_1,0.691491,0
2008-01-01,DFXARC1M027SBEA_perc_diff_lag_1,-0.026414713,0
2008-02-01,DFXARC1M027SBEA_perc_diff_lag_1,-0.15852208,0
2008-03-01,DFXARC1M027SBEA_perc_diff_lag_1,0.44985768,0
2008-04-01,DFXARC1M027SBEA_perc_diff_lag_1,1.1195996,0
2008-05-01,DFXARC1M027SBEA_perc_diff_lag_1,0.45590726,0
2008-06-01,DFXARC1M027SBEA_perc_diff_lag_1,0.25933608,0
2008-07-01,DFXARC1M027SBEA_perc_diff_lag_1,0.37505993,0
2008-08-01,DFXARC1M027SBEA_perc_diff_lag_1,0.10308579,0
2008-09-01,DFXARC1M027SBEA_perc_diff_lag_1,-0.52774316,0
2008-10-01,DFXARC1M027SBEA_perc_diff_lag_1,0.038818296,0
2008-11-01,DFXARC1M027SBEA_perc_diff_lag_1,0.25869876,0
2008-12-01,DFXARC1M027SBEA_perc_diff_lag_1,-0.54185927,0
2009-01-01,DFXARC1M027SBEA_perc_diff_lag_1,1.0896307,0
2009-02-01,DFXARC1M027SBEA_perc_diff_lag_1,-1.1035514,0
2009-03-01,DFXARC1M027SBEA_perc_diff_lag_1,-0.116780125,0
2009-04-01,DFXARC1M027SBEA_perc_diff_lag_1,0.0909343,0
2009-05-01,DFXARC1M027SBEA_perc_diff_lag_1,0.2595717,0
2009-06-01,DFXARC1M027SBEA_perc_diff_lag_1,-0.28479123,0
2009-07-01,DFXARC1M027SBEA_perc_diff_lag_1,-0.06490978,0
2009-08-01,DFXARC1M027SBEA_perc_diff_lag_1,0.025982361,0
2009-09-01,DFXARC1M027SBEA_perc_diff_lag_1,0.5324644,0
2009-10-01,DFXARC1M027SBEA_perc_diff_lag_1,0.15502031,0
2009-11-01,DFXARC1M027SBEA_perc_diff_lag_1,-0.36114895,0
2009-12-01,DFXARC1M027SBEA_perc_diff_lag_1,1.0097072,0
2010-01-01,DFXARC1M027SBEA_perc_diff_lag_1,-0.3844675,0
2010-02-01,DFXARC1M027SBEA_perc_diff_lag_1,1.8397,0
2010-03-01,DFXARC1M027SBEA_perc_diff_lag_1,-0.88428503,0
2010-04-01,DFXARC1M027SBEA_perc_diff_lag_1,0.1402035,0
2010-05-01,DFXARC1M027SBEA_perc_diff_lag_1,-0.25455007,0
2010-06-01,DFXARC1M027SBEA_perc_diff_lag_1,-0.38279954,0
2010-07-01,DFXARC1M027SBEA_perc_diff_lag_1,0.025619598,0
2010-08-01,DFXARC1M027SBEA_perc_diff_lag_1,0.5890608,0
2010-09-01,DFXARC1M027SBEA_perc_diff_lag_1,0.5219574,0
2010-10-01,DFXARC1M027SBEA_perc_diff_lag_1,-0.07598475,0
2010-11-01,DFXARC1M027SBEA_perc_diff_lag_1,1.0899842,0
2010-12-01,DFXARC1M027SBEA_perc_diff_lag_1,-0.175522,0
2011-01-01,DFXARC1M027SBEA_perc_diff_lag_1,0.8917327,0
2011-02-01,DFXARC1M027SBEA_perc_diff_lag_1,0.57264245,0
2011-03-01,DFXARC1M027SBEA_perc_diff_lag_1,0.17328423,0
2011-04-01,DFXARC1M027SBEA_perc_diff_lag_1,1.1491398,0
2011-05-01,DFXARC1M027SBEA_perc_diff_lag_1,-0.62301195,0
2011-06-01,DFXARC1M027SBEA_perc_diff_lag_1,0.8604794,0
2011-07-01,DFXARC1M027SBEA_perc_diff_lag_1,0.20719223,0
2011-08-01,DFXARC1M027SBEA_perc_diff_lag_1,0.42568716,0
2011-09-01,DFXARC1M027SBEA_perc_diff_lag_1,0.03633133,0
2011-10-01,DFXARC1M027SBEA_perc_diff_lag_1,0.46004695,0
2011-11-01,DFXARC1M027SBEA_perc_diff_lag_1,0.15666279,0
2011-12-01,DFXARC1M027SBEA_perc_diff_lag_1,-0.5414511,0
2012-01-01,DFXARC1M027SBEA_perc_diff_lag_1,1.2218772,0
2012-02-01,DFXARC1M027SBEA_perc_diff_lag_1,0.14342204,0
2012-03-01,DFXARC1M027SBEA_perc_diff_lag_1,0.58479095,0
2012-04-01,DFXARC1M027SBEA_perc_diff_lag_1,0.2728984,0
2012-05-01,DFXARC1M027SBEA_perc_diff_lag_1,0.047334567,0
2012-06-01,DFXARC1M027SBEA_perc_diff_lag_1,0.011824434,0
2012-07-01,DFXARC1M027SBEA_perc_diff_lag_1,0.29564807,0
2012-08-01,DFXARC1M027SBEA_perc_diff_lag_1,-0.271193,0
2012-09-01,DFXARC1M027SBEA_perc_diff_lag_1,0.28375793,0
2012-10-01,DFXARC1M027SBEA_perc_diff_lag_1,0.5776896,0
2012-11-01,DFXARC1M027SBEA_perc_diff_lag_1,-0.093774214,0
2012-12-01,DFXARC1M027SBEA_perc_diff_lag_1,0.11732958,0
2013-01-01,DFXARC1M027SBEA_perc_diff_lag_1,0.26954034,0
2013-02-01,DFXARC1M027SBEA_perc_diff_lag_1,0.87657785,0
2013-03-01,DFXARC1M027SBEA_perc_diff_lag_1,-0.46344572,0
2013-04-01,DFXARC1M027SBEA_perc_diff_lag_1,-0.55872285,0
2013-05-01,DFXARC1M027SBEA_perc_diff_lag_1,0.6438019,0
2013-06-01,DFXARC1M027SBEA_perc_diff_lag_1,-0.023262644,0
2013-07-01,DFXARC1M027SBEA_perc_diff_lag_1,0.604934,0
2013-08-01,DFXARC1M027SBEA_perc_diff_lag_1,0.057816837,0
2013-09-01,DFXARC1M027SBEA_perc_diff_lag_1,0.36981535,0
2013-10-01,DFXARC1M027SBEA_perc_diff_lag_1,-0.011511294,0
2013-11-01,DFXARC1M027SBEA_perc_diff_lag_1,0.2993984,0
2013-12-01,DFXARC1M027SBEA_perc_diff_lag_1,0.8610792,0
2014-01-01,DFXARC1M027SBEA_perc_diff_lag_1,0.20489332,0
2014-02-01,DFXARC1M027SBEA_perc_diff_lag_1,0.39759174,0
2014-03-01,DFXARC1M027SBEA_perc_diff_lag_1,0.067892805,0
2014-04-01,DFXARC1M027SBEA_perc_diff_lag_1,0.4975083,0
2014-05-01,DFXARC1M027SBEA_perc_diff_lag_1,0.3600374,0
2014-06-01,DFXARC1M027SBEA_perc_diff_lag_1,0.7847534,0
2014-07-01,DFXARC1M027SBEA_perc_diff_lag_1,0.23359017,0
2014-08-01,DFXARC1M027SBEA_perc_diff_lag_1,0.2885403,0
2014-09-01,DFXARC1M027SBEA_perc_diff_lag_1,0.16598429,0
2014-10-01,DFXARC1M027SBEA_perc_diff_lag_1,0.43083996,0
2014-11-01,DFXARC1M027SBEA_perc_diff_lag_1,0.23100172,0
2014-12-01,DFXARC1M027SBEA_perc_diff_lag_1,0.20851222,0
2015-01-01,DFXARC1M027SBEA_perc_diff_lag_1,0.3833096,0
2015-02-01,DFXARC1M027SBEA_perc_diff_lag_1,0.065463305,0
2015-03-01,DFXARC1M027SBEA_perc_diff_lag_1,0.109027475,0
2015-04-01,DFXARC1M027SBEA_perc_diff_lag_1,-0.2940549,0
2015-05-01,DFXARC1M027SBEA_perc_diff_lag_1,0.021847319,0
2015-06-01,DFXARC1M027SBEA_perc_diff_lag_1,0.30577567,0
2015-07-01,DFXARC1M027SBEA_perc_diff_lag_1,0.45726863,0
2015-08-01,DFXARC1M027SBEA_perc_diff_lag_1,-0.06503052,0
2015-09-01,DFXARC1M027SBEA_perc_diff_lag_1,0.47717434,0
2015-10-01,DFXARC1M027SBEA_perc_diff_lag_1,-0.56125337,0
2015-11-01,DFXARC1M027SBEA_perc_diff_lag_1,0.6404021,0
2015-12-01,DFXARC1M027SBEA_perc_diff_lag_1,0.3990522,0
2016-01-01,DFXARC1M027SBEA_perc_diff_lag_1,0.12890226,0
2016-02-01,DFXARC1M027SBEA_perc_diff_lag_1,0.64370775,0
2016-03-01,DFXARC1M027SBEA_perc_diff_lag_1,-0.5223285,0
2016-04-01,DFXARC1M027SBEA_perc_diff_lag_1,1.1465937,0
2016-05-01,DFXARC1M027SBEA_perc_diff_lag_1,0.4237737,0
2016-06-01,DFXARC1M027SBEA_perc_diff_lag_1,0.03164762,0
2016-07-01,DFXARC1M027SBEA_perc_diff_lag_1,-0.21092597,0
2016-08-01,DFXARC1M027SBEA_perc_diff_lag_1,0.14795639,0
2016-09-01,DFXARC1M027SBEA_perc_diff_lag_1,-0.20050268,0
2016-10-01,DFXARC1M027SBEA_perc_diff_lag_1,0.60272944,0
2016-11-01,DFXARC1M027SBEA_perc_diff_lag_1,-0.16817707,0
2016-12-01,DFXARC1M027SBEA_perc_diff_lag_1,-0.31585598,0
2017-01-01,DFXARC1M027SBEA_perc_diff_lag_1,0.74989825,0
2017-02-01,DFXARC1M027SBEA_perc_diff_lag_1,-0.46126685,0
2017-03-01,DFXARC1M027SBEA_perc_diff_lag_1,0.70563585,0
2017-04-01,DFXARC1M027SBEA_perc_diff_lag_1,0.3764877,0
2017-05-01,DFXARC1M027SBEA_perc_diff_lag_1,-0.06251048,0
2017-06-01,DFXARC1M027SBEA_perc_diff_lag_1,0.02085198,0
2017-07-01,DFXARC1M027SBEA_perc_diff_lag_1,0.2397319,0
2017-08-01,DFXARC1M027SBEA_perc_diff_lag_1,0.73827344,0
2017-09-01,DFXARC1M027SBEA_perc_diff_lag_1,0.4335273,0
2017-10-01,DFXARC1M027SBEA_perc_diff_lag_1,0.39054346,0
2017-11-01,DFXARC1M027SBEA_perc_diff_lag_1,0.5630631,0
2017-12-01,DFXARC1M027SBEA_perc_diff_lag_1,0.6515346,0
2018-01-01,DFXARC1M027SBEA_perc_diff_lag_1,-0.29331693,0
2018-02-01,DFXARC1M027SBEA_perc_diff_lag_1,0.091298886,0
2018-03-01,DFXARC1M027SBEA_perc_diff_lag_1,0.5878167,0
2018-04-01,DFXARC1M027SBEA_perc_diff_lag_1,0.12090803,0
2018-05-01,DFXARC1M027SBEA_perc_diff_lag_1,0.654121,0
2018-06-01,DFXARC1M027SBEA_perc_diff_lag_1,0.0,0
2018-07-01,DFXARC1M027SBEA_perc_diff_lag_1,0.74985003,0
2018-08-01,DFXARC1M027SBEA_perc_diff_lag_1,0.0,0
2018-09-01,DFXARC1M027SBEA_perc_diff_lag_1,-0.07938749,0
2018-10-01,DFXARC1M027SBEA_perc_diff_lag_1,0.2085585,0
2018-11-01,DFXARC1M027SBEA_perc_diff_lag_1,0.713579,0
2018-12-01,DFXARC1M027SBEA_perc_diff_lag_1,-1.1513493,0
2019-01-01,DFXARC1M027SBEA_perc_diff_lag_1,1.4335514,0
2019-02-01,DFXARC1M027SBEA_perc_diff_lag_1,-1.3151461,0
2019-03-01,DFXARC1M027SBEA_perc_diff_lag_1,0.9646954,0
2000-01-01,ODSFRIM027NBOG_diff_lag_1,-0.3418007,0
2000-02-01,ODSFRIM027NBOG_diff_lag_1,-0.1395998,0
2000-03-01,ODSFRIM027NBOG_diff_lag_1,-0.6261997,0
2000-04-01,ODSFRIM027NBOG_diff_lag_1,-0.7024002,0
2000-05-01,ODSFRIM027NBOG_diff_lag_1,0.015500069,0
2000-06-01,ODSFRIM027NBOG_diff_lag_1,0.8102999,0
2000-07-01,ODSFRIM027NBOG_diff_lag_1,0.065999985,0
2000-08-01,ODSFRIM027NBOG_diff_lag_1,-0.94449997,0
2000-09-01,ODSFRIM027NBOG_diff_lag_1,-0.8757,0
2000-10-01,ODSFRIM027NBOG_diff_lag_1,0.6337004,0
2000-11-01,ODSFRIM027NBOG_diff_lag_1,0.43519974,0
2000-12-01,ODSFRIM027NBOG_diff_lag_1,0.48810005,0
2001-01-01,ODSFRIM027NBOG_diff_lag_1,-0.19270039,0
2001-02-01,ODSFRIM027NBOG_diff_lag_1,-0.65359974,0
2001-03-01,ODSFRIM027NBOG_diff_lag_1,-0.13790035,0
2001-04-01,ODSFRIM027NBOG_diff_lag_1,1.3238001,0
2001-05-01,ODSFRIM027NBOG_diff_lag_1,2.0185003,0
2001-06-01,ODSFRIM027NBOG_diff_lag_1,1.2890005,0
2001-07-01,ODSFRIM027NBOG_diff_lag_1,0.11839867,0
2001-08-01,ODSFRIM027NBOG_diff_lag_1,-1.3144989,0
2001-09-01,ODSFRIM027NBOG_diff_lag_1,-0.39280033,0
2001-10-01,ODSFRIM027NBOG_diff_lag_1,0.51710033,0
2001-11-01,ODSFRIM027NBOG_diff_lag_1,1.2791004,0
2001-12-01,ODSFRIM027NBOG_diff_lag_1,1.0370998,0
2002-01-01,ODSFRIM027NBOG_diff_lag_1,0.29590034,0
2002-02-01,ODSFRIM027NBOG_diff_lag_1,-1.6819,0
2002-03-01,ODSFRIM027NBOG_diff_lag_1,-1.5610008,0
2002-04-01,ODSFRIM027NBOG_diff_lag_1,-0.13749981,0
2002-05-01,ODSFRIM027NBOG_diff_lag_1,0.5553999,0
2002-06-01,ODSFRIM027NBOG_diff_lag_1,0.31240082,0
2002-07-01,ODSFRIM027NBOG_diff_lag_1,-0.2773018,0
2002-08-01,ODSFRIM027NBOG_diff_lag_1,-0.43999863,0
2002-09-01,ODSFRIM027NBOG_diff_lag_1,-0.27470016,0
2002-10-01,ODSFRIM027NBOG_diff_lag_1,-0.6894007,0
2002-11-01,ODSFRIM027NBOG_diff_lag_1,0.20720005,0
2002-12-01,ODSFRIM027NBOG_diff_lag_1,-0.10099983,0
2003-01-01,ODSFRIM027NBOG_diff_lag_1,0.21320057,0
2003-02-01,ODSFRIM027NBOG_diff_lag_1,0.2887993,0
2003-03-01,ODSFRIM027NBOG_diff_lag_1,0.4470005,0
2003-04-01,ODSFRIM027NBOG_diff_lag_1,0.56869984,0
2003-05-01,ODSFRIM027NBOG_diff_lag_1,0.34420013,0
2003-06-01,ODSFRIM027NBOG_diff_lag_1,0.48309898,0
2003-07-01,ODSFRIM027NBOG_diff_lag_1,0.012901306,0
2003-08-01,ODSFRIM027NBOG_diff_lag_1,0.50779915,0
2003-09-01,ODSFRIM027NBOG_diff_lag_1,0.60700035,0
2003-10-01,ODSFRIM027NBOG_diff_lag_1,0.31620026,0
2003-11-01,ODSFRIM027NBOG_diff_lag_1,0.7024994,0
2003-12-01,ODSFRIM027NBOG_diff_lag_1,-0.060899734,0
2004-01-01,ODSFRIM027NBOG_diff_lag_1,0.6734009,0
2004-02-01,ODSFRIM027NBOG_diff_lag_1,0.35429955,0
2004-03-01,ODSFRIM027NBOG_diff_lag_1,-0.16480064,0
2004-04-01,ODSFRIM027NBOG_diff_lag_1,-1.0228996,0
2004-05-01,ODSFRIM027NBOG_diff_lag_1,0.89649963,0
2004-06-01,ODSFRIM027NBOG_diff_lag_1,-0.5401993,0
2004-07-01,ODSFRIM027NBOG_diff_lag_1,-0.28590012,0
2004-08-01,ODSFRIM027NBOG_diff_lag_1,-1.1298008,0
2004-09-01,ODSFRIM027NBOG_diff_lag_1,-0.6474991,0
2004-10-01,ODSFRIM027NBOG_diff_lag_1,0.13360023,0
2004-11-01,ODSFRIM027NBOG_diff_lag_1,0.089300156,0
2004-12-01,ODSFRIM027NBOG_diff_lag_1,0.9021988,0
2005-01-01,ODSFRIM027NBOG_diff_lag_1,0.9183998,0
2005-02-01,ODSFRIM027NBOG_diff_lag_1,-0.57579994,0
2005-03-01,ODSFRIM027NBOG_diff_lag_1,0.2758999,0
2005-04-01,ODSFRIM027NBOG_diff_lag_1,0.60640144,0
2005-05-01,ODSFRIM027NBOG_diff_lag_1,0.47329903,0
2005-06-01,ODSFRIM027NBOG_diff_lag_1,-0.34600067,0
2005-07-01,ODSFRIM027NBOG_diff_lag_1,-1.0668983,0
2005-08-01,ODSFRIM027NBOG_diff_lag_1,0.95819855,0
2005-09-01,ODSFRIM027NBOG_diff_lag_1,-0.35239983,0
2005-10-01,ODSFRIM027NBOG_diff_lag_1,-0.66339874,0
2005-11-01,ODSFRIM027NBOG_diff_lag_1,0.08049965,0
2005-12-01,ODSFRIM027NBOG_diff_lag_1,0.9512005,0
2006-01-01,ODSFRIM027NBOG_diff_lag_1,0.9835987,0
2006-02-01,ODSFRIM027NBOG_diff_lag_1,-0.27969933,0
2006-03-01,ODSFRIM027NBOG_diff_lag_1,0.8987999,0
2006-04-01,ODSFRIM027NBOG_diff_lag_1,0.33480072,0
2006-05-01,ODSFRIM027NBOG_diff_lag_1,-1.0291004,0
2006-06-01,ODSFRIM027NBOG_diff_lag_1,-0.45470047,0
2006-07-01,ODSFRIM027NBOG_diff_lag_1,0.60969925,0
2006-08-01,ODSFRIM027NBOG_diff_lag_1,1.7549,0
2006-09-01,ODSFRIM027NBOG_diff_lag_1,2.4131012,0
2006-10-01,ODSFRIM027NBOG_diff_lag_1,1.352499,0
2006-11-01,ODSFRIM027NBOG_diff_lag_1,0.8690014,0
2006-12-01,ODSFRIM027NBOG_diff_lag_1,0.48679924,0
2007-01-01,ODSFRIM027NBOG_diff_lag_1,0.44269943,0
2007-02-01,ODSFRIM027NBOG_diff_lag_1,0.2874012,0
2007-03-01,ODSFRIM027NBOG_diff_lag_1,0.018299103,0
2007-04-01,ODSFRIM027NBOG_diff_lag_1,2.4578,0
2007-05-01,ODSFRIM027NBOG_diff_lag_1,2.297802,0
2007-06-01,ODSFRIM027NBOG_diff_lag_1,0.19609833,0
2007-07-01,ODSFRIM027NBOG_diff_lag_1,1.1217995,0
2007-08-01,ODSFRIM027NBOG_diff_lag_1,-0.09759903,0
2007-09-01,ODSFRIM027NBOG_diff_lag_1,-1.605999,0
2007-10-01,ODSFRIM027NBOG_diff_lag_1,-0.099300385,0
2007-11-01,ODSFRIM027NBOG_diff_lag_1,0.9320984,0
2007-12-01,ODSFRIM027NBOG_diff_lag_1,0.72850037,0
2008-01-01,ODSFRIM027NBOG_diff_lag_1,1.7179985,0
2008-02-01,ODSFRIM027NBOG_diff_lag_1,-0.19979858,0
2008-03-01,ODSFRIM027NBOG_diff_lag_1,-3.2556,0
2008-04-01,ODSFRIM027NBOG_diff_lag_1,-3.0265007,0
2008-05-01,ODSFRIM027NBOG_diff_lag_1,1.3627014,0
2008-06-01,ODSFRIM027NBOG_diff_lag_1,-0.43130112,0
2008-07-01,ODSFRIM027NBOG_diff_lag_1,0.04030037,0
2008-08-01,ODSFRIM027NBOG_diff_lag_1,0.2942009,0
2008-09-01,ODSFRIM027NBOG_diff_lag_1,0.8917999,0
2008-10-01,ODSFRIM027NBOG_diff_lag_1,-0.6340008,0
2008-11-01,ODSFRIM027NBOG_diff_lag_1,0.33270073,0
2008-12-01,ODSFRIM027NBOG_diff_lag_1,3.8887005,0
2009-01-01,ODSFRIM027NBOG_diff_lag_1,-0.15180206,0
2009-02-01,ODSFRIM027NBOG_diff_lag_1,-0.7318001,0
2009-03-01,ODSFRIM027NBOG_diff_lag_1,0.00630188,0
2009-04-01,ODSFRIM027NBOG_diff_lag_1,2.544899,0
2009-05-01,ODSFRIM027NBOG_diff_lag_1,3.6822014,0
2009-06-01,ODSFRIM027NBOG_diff_lag_1,-2.6612015,0
2009-07-01,ODSFRIM027NBOG_diff_lag_1,-6.440199,0
2009-08-01,ODSFRIM027NBOG_diff_lag_1,-0.087501526,0
2009-09-01,ODSFRIM027NBOG_diff_lag_1,-0.914999,0
2009-10-01,ODSFRIM027NBOG_diff_lag_1,0.3551998,0
2009-11-01,ODSFRIM027NBOG_diff_lag_1,-0.013399124,0
2009-12-01,ODSFRIM027NBOG_diff_lag_1,1.5503998,0
2010-01-01,ODSFRIM027NBOG_diff_lag_1,2.6219978,0
2010-02-01,ODSFRIM027NBOG_diff_lag_1,0.6814003,0
2010-03-01,ODSFRIM027NBOG_diff_lag_1,-0.3722992,0
2010-04-01,ODSFRIM027NBOG_diff_lag_1,5.328602,0
2010-05-01,ODSFRIM027NBOG_diff_lag_1,3.8588982,0
2010-06-01,ODSFRIM027NBOG_diff_lag_1,-0.5005989,0
2010-07-01,ODSFRIM027NBOG_diff_lag_1,2.9976997,0
2010-08-01,ODSFRIM027NBOG_diff_lag_1,4.9496994,0
2010-09-01,ODSFRIM027NBOG_diff_lag_1,-6.585598,0
2010-10-01,ODSFRIM027NBOG_diff_lag_1,3.813797,0
2010-11-01,ODSFRIM027NBOG_diff_lag_1,1.9289017,0
2010-12-01,ODSFRIM027NBOG_diff_lag_1,0.1446991,0
2011-01-01,ODSFRIM027NBOG_diff_lag_1,5.563202,0
2011-02-01,ODSFRIM027NBOG_diff_lag_1,4.2789,0
2011-03-01,ODSFRIM027NBOG_diff_lag_1,1.1256981,0
2011-04-01,ODSFRIM027NBOG_diff_lag_1,1.7419014,0
2011-05-01,ODSFRIM027NBOG_diff_lag_1,4.462799,0
2011-06-01,ODSFRIM027NBOG_diff_lag_1,2.3205032,0
2011-07-01,ODSFRIM027NBOG_diff_lag_1,3.7353973,0
2011-08-01,ODSFRIM027NBOG_diff_lag_1,10.303696,0
2011-09-01,ODSFRIM027NBOG_diff_lag_1,10.901207,0
2011-10-01,ODSFRIM027NBOG_diff_lag_1,-9.363602,0
2011-11-01,ODSFRIM027NBOG_diff_lag_1,-1.7103043,0
2011-12-01,ODSFRIM027NBOG_diff_lag_1,6.0074005,0
2012-01-01,ODSFRIM027NBOG_diff_lag_1,-3.5551987,0
2012-02-01,ODSFRIM027NBOG_diff_lag_1,4.6110992,0
2012-03-01,ODSFRIM027NBOG_diff_lag_1,5.6624985,0
2012-04-01,ODSFRIM027NBOG_diff_lag_1,1.3736038,0
2012-05-01,ODSFRIM027NBOG_diff_lag_1,0.4064026,0
2012-06-01,ODSFRIM027NBOG_diff_lag_1,4.8548965,0
2012-07-01,ODSFRIM027NBOG_diff_lag_1,2.416603,0
2012-08-01,ODSFRIM027NBOG_diff_lag_1,0.5765991,0
2012-09-01,ODSFRIM027NBOG_diff_lag_1,4.411995,0
2012-10-01,ODSFRIM027NBOG_diff_lag_1,0.025505066,0
2012-11-01,ODSFRIM027NBOG_diff_lag_1,0.62529755,0
2012-12-01,ODSFRIM027NBOG_diff_lag_1,8.646698,0
2013-01-01,ODSFRIM027NBOG_diff_lag_1,-1.6066971,0
2013-02-01,ODSFRIM027NBOG_diff_lag_1,5.2454987,0
2013-03-01,ODSFRIM027NBOG_diff_lag_1,6.4675064,0
2013-04-01,ODSFRIM027NBOG_diff_lag_1,3.1037903,0
2013-05-01,ODSFRIM027NBOG_diff_lag_1,3.4692993,0
2013-06-01,ODSFRIM027NBOG_diff_lag_1,3.322998,0
2013-07-01,ODSFRIM027NBOG_diff_lag_1,8.273102,0
2013-08-01,ODSFRIM027NBOG_diff_lag_1,7.975403,0
2013-09-01,ODSFRIM027NBOG_diff_lag_1,1.922409,0
2013-10-01,ODSFRIM027NBOG_diff_lag_1,0.6612854,0
2013-11-01,ODSFRIM027NBOG_diff_lag_1,5.239212,0
2013-12-01,ODSFRIM027NBOG_diff_lag_1,6.114197,0
2014-01-01,ODSFRIM027NBOG_diff_lag_1,4.537201,0
2014-02-01,ODSFRIM027NBOG_diff_lag_1,4.5688934,0
2014-03-01,ODSFRIM027NBOG_diff_lag_1,3.127304,0
2014-04-01,ODSFRIM027NBOG_diff_lag_1,5.0776978,0
2014-05-01,ODSFRIM027NBOG_diff_lag_1,2.3440094,0
2014-06-01,ODSFRIM027NBOG_diff_lag_1,2.0509949,0
2014-07-01,ODSFRIM027NBOG_diff_lag_1,5.2409973,0
2014-08-01,ODSFRIM027NBOG_diff_lag_1,5.4600983,0
2014-09-01,ODSFRIM027NBOG_diff_lag_1,6.5303955,0
2014-10-01,ODSFRIM027NBOG_diff_lag_1,3.036911,0
2014-11-01,ODSFRIM027NBOG_diff_lag_1,9.950394,0
2014-12-01,ODSFRIM027NBOG_diff_lag_1,-3.5865936,0
2015-01-01,ODSFRIM027NBOG_diff_lag_1,16.085892,0
2015-02-01,ODSFRIM027NBOG_diff_lag_1,-2.626297,0
2015-03-01,ODSFRIM027NBOG_diff_lag_1,1.9405975,0
2015-04-01,ODSFRIM027NBOG_diff_lag_1,-1.4776001,0
2015-05-01,ODSFRIM027NBOG_diff_lag_1,2.8238983,0
2015-06-01,ODSFRIM027NBOG_diff_lag_1,4.1354065,0
2015-07-01,ODSFRIM027NBOG_diff_lag_1,6.5610046,0
2015-08-01,ODSFRIM027NBOG_diff_lag_1,8.809097,0
2015-09-01,ODSFRIM027NBOG_diff_lag_1,-3.1399994,0
2015-10-01,ODSFRIM027NBOG_diff_lag_1,5.34169,0
2015-11-01,ODSFRIM027NBOG_diff_lag_1,6.032501,0
2015-12-01,ODSFRIM027NBOG_diff_lag_1,-8.343292,0
2016-01-01,ODSFRIM027NBOG_diff_lag_1,-3.4531097,0
2016-02-01,ODSFRIM027NBOG_diff_lag_1,3.4913025,0
2016-03-01,ODSFRIM027NBOG_diff_lag_1,11.6489105,0
2016-04-01,ODSFRIM027NBOG_diff_lag_1,-4.4772034,0
2016-05-01,ODSFRIM027NBOG_diff_lag_1,-3.4414062,0
2016-06-01,ODSFRIM027NBOG_diff_lag_1,0.5700073,0
2016-07-01,ODSFRIM027NBOG_diff_lag_1,29.22351,0
2016-08-01,ODSFRIM027NBOG_diff_lag_1,5.3506775,0
2016-09-01,ODSFRIM027NBOG_diff_lag_1,-3.1999817,0
2016-10-01,ODSFRIM027NBOG_diff_lag_1,-29.12732,0
2016-11-01,ODSFRIM027NBOG_diff_lag_1,-0.00289917,0
2016-12-01,ODSFRIM027NBOG_diff_lag_1,5.6156006,0
2017-01-01,ODSFRIM027NBOG_diff_lag_1,2.668213,0
2017-02-01,ODSFRIM027NBOG_diff_lag_1,13.150482,0
2017-03-01,ODSFRIM027NBOG_diff_lag_1,8.649017,0
2017-04-01,ODSFRIM027NBOG_diff_lag_1,3.6134033,0
2017-05-01,ODSFRIM027NBOG_diff_lag_1,3.7619934,0
2017-06-01,ODSFRIM027NBOG_diff_lag_1,-2.795807,0
2017-07-01,ODSFRIM027NBOG_diff_lag_1,9.245911,0
2017-08-01,ODSFRIM027NBOG_diff_lag_1,10.253784,0
2017-09-01,ODSFRIM027NBOG_diff_lag_1,0.6173096,0
2017-10-01,ODSFRIM027NBOG_diff_lag_1,6.663391,0
2017-11-01,ODSFRIM027NBOG_diff_lag_1,1.270813,0
2017-12-01,ODSFRIM027NBOG_diff_lag_1,-4.4818115,0
2018-01-01,ODSFRIM027NBOG_diff_lag_1,5.2926025,0
2018-02-01,ODSFRIM027NBOG_diff_lag_1,-10.717407,0
2018-03-01,ODSFRIM027NBOG_diff_lag_1,-13.163879,0
2018-04-01,ODSFRIM027NBOG_diff_lag_1,-8.511322,0
2018-05-01,ODSFRIM027NBOG_diff_lag_1,7.5664062,0
2018-06-01,ODSFRIM027NBOG_diff_lag_1,-4.776001,0
2018-07-01,ODSFRIM027NBOG_diff_lag_1,8.393921,0
2018-08-01,ODSFRIM027NBOG_diff_lag_1,-9.74942,0
2018-09-01,ODSFRIM027NBOG_diff_lag_1,-10.275177,0
2018-10-01,ODSFRIM027NBOG_diff_lag_1,5.6372986,0
2018-11-01,ODSFRIM027NBOG_diff_lag_1,8.548096,0
2018-12-01,ODSFRIM027NBOG_diff_lag_1,-7.3068237,0
2019-01-01,ODSFRIM027NBOG_diff_lag_1,18.532318,0
2019-02-01,ODSFRIM027NBOG_diff_lag_1,3.9328918,0
2019-03-01,ODSFRIM027NBOG_diff_lag_1,-18.988586,0
2000-01-01,RHESCBM027SBOG_diff_lag_2,3.404501,0
2000-02-01,RHESCBM027SBOG_diff_lag_2,3.3987007,0
2000-03-01,RHESCBM027SBOG_diff_lag_2,1.0489998,0
2000-04-01,RHESCBM027SBOG_diff_lag_2,0.6133995,0
2000-05-01,RHESCBM027SBOG_diff_lag_2,0.78629684,0
2000-06-01,RHESCBM027SBOG_diff_lag_2,0.89430237,0
2000-07-01,RHESCBM027SBOG_diff_lag_2,-1.7325974,0
2000-08-01,RHESCBM027SBOG_diff_lag_2,-1.1238022,0
2000-09-01,RHESCBM027SBOG_diff_lag_2,1.1713982,0
2000-10-01,RHESCBM027SBOG_diff_lag_2,3.4820023,0
2000-11-01,RHESCBM027SBOG_diff_lag_2,3.3549004,0
2000-12-01,RHESCBM027SBOG_diff_lag_2,1.1702003,0
2001-01-01,RHESCBM027SBOG_diff_lag_2,1.7172012,0
2001-02-01,RHESCBM027SBOG_diff_lag_2,1.5671997,0
2001-03-01,RHESCBM027SBOG_diff_lag_2,1.9278984,0
2001-04-01,RHESCBM027SBOG_diff_lag_2,-0.24959946,0
2001-05-01,RHESCBM027SBOG_diff_lag_2,-1.2686996,0
2001-06-01,RHESCBM027SBOG_diff_lag_2,0.29529953,0
2001-07-01,RHESCBM027SBOG_diff_lag_2,0.28770065,0
2001-08-01,RHESCBM027SBOG_diff_lag_2,1.9764977,0
2001-09-01,RHESCBM027SBOG_diff_lag_2,3.0237007,0
2001-10-01,RHESCBM027SBOG_diff_lag_2,2.5746002,0
2001-11-01,RHESCBM027SBOG_diff_lag_2,2.7739983,0
2001-12-01,RHESCBM027SBOG_diff_lag_2,2.6132011,0
2002-01-01,RHESCBM027SBOG_diff_lag_2,1.5503006,0
2002-02-01,RHESCBM027SBOG_diff_lag_2,1.301899,0
2002-03-01,RHESCBM027SBOG_diff_lag_2,1.4351997,0
2002-04-01,RHESCBM027SBOG_diff_lag_2,-0.93859863,0
2002-05-01,RHESCBM027SBOG_diff_lag_2,1.9385986,0
2002-06-01,RHESCBM027SBOG_diff_lag_2,5.0485992,0
2002-07-01,RHESCBM027SBOG_diff_lag_2,0.9355011,0
2002-08-01,RHESCBM027SBOG_diff_lag_2,0.6963005,0
2002-09-01,RHESCBM027SBOG_diff_lag_2,2.6360016,0
2002-10-01,RHESCBM027SBOG_diff_lag_2,3.5043983,0
2002-11-01,RHESCBM027SBOG_diff_lag_2,1.9917984,0
2002-12-01,RHESCBM027SBOG_diff_lag_2,-0.032699585,0
2003-01-01,RHESCBM027SBOG_diff_lag_2,-1.8726997,0
2003-02-01,RHESCBM027SBOG_diff_lag_2,-1.2518997,0
2003-03-01,RHESCBM027SBOG_diff_lag_2,1.9794006,0
2003-04-01,RHESCBM027SBOG_diff_lag_2,3.9048996,0
2003-05-01,RHESCBM027SBOG_diff_lag_2,3.5979004,0
2003-06-01,RHESCBM027SBOG_diff_lag_2,2.2383995,0
2003-07-01,RHESCBM027SBOG_diff_lag_2,2.9624023,0
2003-08-01,RHESCBM027SBOG_diff_lag_2,2.8536034,0
2003-09-01,RHESCBM027SBOG_diff_lag_2,2.612297,0
2003-10-01,RHESCBM027SBOG_diff_lag_2,3.4309998,0
2003-11-01,RHESCBM027SBOG_diff_lag_2,2.9085999,0
2003-12-01,RHESCBM027SBOG_diff_lag_2,3.6603012,0
2004-01-01,RHESCBM027SBOG_diff_lag_2,8.173897,0
2004-02-01,RHESCBM027SBOG_diff_lag_2,7.873497,0
2004-03-01,RHESCBM027SBOG_diff_lag_2,6.4878006,0
2004-04-01,RHESCBM027SBOG_diff_lag_2,8.6623,0
2004-05-01,RHESCBM027SBOG_diff_lag_2,8.061905,0
2004-06-01,RHESCBM027SBOG_diff_lag_2,5.8147964,0
2004-07-01,RHESCBM027SBOG_diff_lag_2,5.3283005,0
2004-08-01,RHESCBM027SBOG_diff_lag_2,6.1572037,0
2004-09-01,RHESCBM027SBOG_diff_lag_2,6.3856964,0
2004-10-01,RHESCBM027SBOG_diff_lag_2,8.828003,0
2004-11-01,RHESCBM027SBOG_diff_lag_2,7.796501,0
2004-12-01,RHESCBM027SBOG_diff_lag_2,4.294197,0
2005-01-01,RHESCBM027SBOG_diff_lag_2,6.453102,0
2005-02-01,RHESCBM027SBOG_diff_lag_2,5.9291,0
2005-03-01,RHESCBM027SBOG_diff_lag_2,5.447098,0
2005-04-01,RHESCBM027SBOG_diff_lag_2,4.306999,0
2005-05-01,RHESCBM027SBOG_diff_lag_2,2.501297,0
2005-06-01,RHESCBM027SBOG_diff_lag_2,3.6868057,0
2005-07-01,RHESCBM027SBOG_diff_lag_2,2.2641068,0
2005-08-01,RHESCBM027SBOG_diff_lag_2,1.4173889,0
2005-09-01,RHESCBM027SBOG_diff_lag_2,1.108902,0
2005-10-01,RHESCBM027SBOG_diff_lag_2,0.7759094,0
2005-11-01,RHESCBM027SBOG_diff_lag_2,-0.85121155,0
2005-12-01,RHESCBM027SBOG_diff_lag_2,-1.0745087,0
2006-01-01,RHESCBM027SBOG_diff_lag_2,0.67430115,0
2006-02-01,RHESCBM027SBOG_diff_lag_2,0.10189819,0
2006-03-01,RHESCBM027SBOG_diff_lag_2,0.3527069,0
2006-04-01,RHESCBM027SBOG_diff_lag_2,-4.7394943,0
2006-05-01,RHESCBM027SBOG_diff_lag_2,-5.695503,0
2006-06-01,RHESCBM027SBOG_diff_lag_2,-0.49969482,0
2006-07-01,RHESCBM027SBOG_diff_lag_2,0.63150024,0
2006-08-01,RHESCBM027SBOG_diff_lag_2,0.270195,0
2006-09-01,RHESCBM027SBOG_diff_lag_2,-0.83119965,0
2006-10-01,RHESCBM027SBOG_diff_lag_2,-1.6625977,0
2006-11-01,RHESCBM027SBOG_diff_lag_2,-0.29530334,0
2006-12-01,RHESCBM027SBOG_diff_lag_2,1.2639008,0
2007-01-01,RHESCBM027SBOG_diff_lag_2,-0.934494,0
2007-02-01,RHESCBM027SBOG_diff_lag_2,-1.8480988,0
2007-03-01,RHESCBM027SBOG_diff_lag_2,-15.994705,0
2007-04-01,RHESCBM027SBOG_diff_lag_2,-17.956902,0
2007-05-01,RHESCBM027SBOG_diff_lag_2,-2.8643951,0
2007-06-01,RHESCBM027SBOG_diff_lag_2,-0.5270996,0
2007-07-01,RHESCBM027SBOG_diff_lag_2,-1.1194,0
2007-08-01,RHESCBM027SBOG_diff_lag_2,-0.36589813,0
2007-09-01,RHESCBM027SBOG_diff_lag_2,1.3572998,0
2007-10-01,RHESCBM027SBOG_diff_lag_2,0.43349457,0
2007-11-01,RHESCBM027SBOG_diff_lag_2,-0.90110016,0
2007-12-01,RHESCBM027SBOG_diff_lag_2,-0.37490082,0
2008-01-01,RHESCBM027SBOG_diff_lag_2,1.4835968,0
2008-02-01,RHESCBM027SBOG_diff_lag_2,1.7696991,0
2008-03-01,RHESCBM027SBOG_diff_lag_2,2.1760025,0
2008-04-01,RHESCBM027SBOG_diff_lag_2,3.7456055,0
2008-05-01,RHESCBM027SBOG_diff_lag_2,3.0810013,0
2008-06-01,RHESCBM027SBOG_diff_lag_2,2.6276016,0
2008-07-01,RHESCBM027SBOG_diff_lag_2,3.6868973,0
2008-08-01,RHESCBM027SBOG_diff_lag_2,3.357193,0
2008-09-01,RHESCBM027SBOG_diff_lag_2,2.1504974,0
2008-10-01,RHESCBM027SBOG_diff_lag_2,2.0832062,0
2008-11-01,RHESCBM027SBOG_diff_lag_2,1.5858002,0
2008-12-01,RHESCBM027SBOG_diff_lag_2,0.035194397,0
2009-01-01,RHESCBM027SBOG_diff_lag_2,0.09950256,0
2009-02-01,RHESCBM027SBOG_diff_lag_2,2.0740051,0
2009-03-01,RHESCBM027SBOG_diff_lag_2,2.4319992,0
2009-04-01,RHESCBM027SBOG_diff_lag_2,0.52869415,0
2009-05-01,RHESCBM027SBOG_diff_lag_2,-0.64369965,0
2009-06-01,RHESCBM027SBOG_diff_lag_2,-1.3192978,0
2009-07-01,RHESCBM027SBOG_diff_lag_2,-2.5594025,0
2009-08-01,RHESCBM027SBOG_diff_lag_2,-1.5931015,0
2009-09-01,RHESCBM027SBOG_diff_lag_2,0.17960358,0
2009-10-01,RHESCBM027SBOG_diff_lag_2,1.6234055,0
2009-11-01,RHESCBM027SBOG_diff_lag_2,1.012703,0
2009-12-01,RHESCBM027SBOG_diff_lag_2,-0.43389893,0
2010-01-01,RHESCBM027SBOG_diff_lag_2,-1.6190033,0
2010-02-01,RHESCBM027SBOG_diff_lag_2,-1.282402,0
2010-03-01,RHESCBM027SBOG_diff_lag_2,0.1690979,0
2010-04-01,RHESCBM027SBOG_diff_lag_2,0.9775009,0
2010-05-01,RHESCBM027SBOG_diff_lag_2,0.8587036,0
2010-06-01,RHESCBM027SBOG_diff_lag_2,-0.38899994,0
2010-07-01,RHESCBM027SBOG_diff_lag_2,-0.7309036,0
2010-08-01,RHESCBM027SBOG_diff_lag_2,-0.72600555,0
2010-09-01,RHESCBM027SBOG_diff_lag_2,-0.8321991,0
2010-10-01,RHESCBM027SBOG_diff_lag_2,-0.3973999,0
2010-11-01,RHESCBM027SBOG_diff_lag_2,1.3868027,0
2010-12-01,RHESCBM027SBOG_diff_lag_2,3.7369995,0
2011-01-01,RHESCBM027SBOG_diff_lag_2,0.5007019,0
2011-02-01,RHESCBM027SBOG_diff_lag_2,-2.4434967,0
2011-03-01,RHESCBM027SBOG_diff_lag_2,-0.92630005,0
2011-04-01,RHESCBM027SBOG_diff_lag_2,0.08860016,0
2011-05-01,RHESCBM027SBOG_diff_lag_2,0.3810959,0
2011-06-01,RHESCBM027SBOG_diff_lag_2,-0.6500015,0
2011-07-01,RHESCBM027SBOG_diff_lag_2,-0.14499664,0
2011-08-01,RHESCBM027SBOG_diff_lag_2,-0.26380157,0
2011-09-01,RHESCBM027SBOG_diff_lag_2,-1.0111008,0
2011-10-01,RHESCBM027SBOG_diff_lag_2,0.10890198,0
2011-11-01,RHESCBM027SBOG_diff_lag_2,-0.46250153,0
2011-12-01,RHESCBM027SBOG_diff_lag_2,-0.6595001,0
2012-01-01,RHESCBM027SBOG_diff_lag_2,2.2408981,0
2012-02-01,RHESCBM027SBOG_diff_lag_2,5.5545044,0
2012-03-01,RHESCBM027SBOG_diff_lag_2,3.6962051,0
2012-04-01,RHESCBM027SBOG_diff_lag_2,-0.07750702,0
2012-05-01,RHESCBM027SBOG_diff_lag_2,-0.14590454,0
2012-06-01,RHESCBM027SBOG_diff_lag_2,-0.5495987,0
2012-07-01,RHESCBM027SBOG_diff_lag_2,-1.719696,0
2012-08-01,RHESCBM027SBOG_diff_lag_2,-2.1034012,0
2012-09-01,RHESCBM027SBOG_diff_lag_2,-1.5105057,0
2012-10-01,RHESCBM027SBOG_diff_lag_2,-0.8319931,0
2012-11-01,RHESCBM027SBOG_diff_lag_2,-1.2922974,0
2012-12-01,RHESCBM027SBOG_diff_lag_2,-4.0419006,0
2013-01-01,RHESCBM027SBOG_diff_lag_2,-4.915703,0
2013-02-01,RHESCBM027SBOG_diff_lag_2,-2.644699,0
2013-03-01,RHESCBM027SBOG_diff_lag_2,-1.2448959,0
2013-04-01,RHESCBM027SBOG_diff_lag_2,-1.2996063,0
2013-05-01,RHESCBM027SBOG_diff_lag_2,-1.023201,0
2013-06-01,RHESCBM027SBOG_diff_lag_2,-1.0853958,0
2013-07-01,RHESCBM027SBOG_diff_lag_2,-1.3367004,0
2013-08-01,RHESCBM027SBOG_diff_lag_2,-1.0691986,0
2013-09-01,RHESCBM027SBOG_diff_lag_2,-0.6976013,0
2013-10-01,RHESCBM027SBOG_diff_lag_2,-0.13820648,0
2013-11-01,RHESCBM027SBOG_diff_lag_2,-0.13399506,0
2013-12-01,RHESCBM027SBOG_diff_lag_2,-0.03339386,0
2014-01-01,RHESCBM027SBOG_diff_lag_2,0.249794,0
2014-02-01,RHESCBM027SBOG_diff_lag_2,0.26939392,0
2014-03-01,RHESCBM027SBOG_diff_lag_2,1.6847,0
2014-04-01,RHESCBM027SBOG_diff_lag_2,1.7035065,0
2014-05-01,RHESCBM027SBOG_diff_lag_2,0.5746002,0
2014-06-01,RHESCBM027SBOG_diff_lag_2,0.59410095,0
2014-07-01,RHESCBM027SBOG_diff_lag_2,1.0250015,0
2014-08-01,RHESCBM027SBOG_diff_lag_2,1.2682953,0
2014-09-01,RHESCBM027SBOG_diff_lag_2,0.8764038,0
2014-10-01,RHESCBM027SBOG_diff_lag_2,0.8738022,0
2014-11-01,RHESCBM027SBOG_diff_lag_2,0.78009796,0
2014-12-01,RHESCBM027SBOG_diff_lag_2,0.83470154,0
2015-01-01,RHESCBM027SBOG_diff_lag_2,0.88009644,0
2015-02-01,RHESCBM027SBOG_diff_lag_2,1.2921982,0
2015-03-01,RHESCBM027SBOG_diff_lag_2,2.1466064,0
2015-04-01,RHESCBM027SBOG_diff_lag_2,1.4764023,0
2015-05-01,RHESCBM027SBOG_diff_lag_2,0.5684967,0
2015-06-01,RHESCBM027SBOG_diff_lag_2,0.43349457,0
2015-07-01,RHESCBM027SBOG_diff_lag_2,0.5156021,0
2015-08-01,RHESCBM027SBOG_diff_lag_2,0.56650543,0
2015-09-01,RHESCBM027SBOG_diff_lag_2,0.3978958,0
2015-10-01,RHESCBM027SBOG_diff_lag_2,-0.025901794,0
2015-11-01,RHESCBM027SBOG_diff_lag_2,0.14569855,0
2015-12-01,RHESCBM027SBOG_diff_lag_2,1.0,0
2016-01-01,RHESCBM027SBOG_diff_lag_2,0.86450195,0
2016-02-01,RHESCBM027SBOG_diff_lag_2,0.6164017,0
2016-03-01,RHESCBM027SBOG_diff_lag_2,0.8125,0
2016-04-01,RHESCBM027SBOG_diff_lag_2,0.5881958,0
2016-05-01,RHESCBM027SBOG_diff_lag_2,0.44010162,0
2016-06-01,RHESCBM027SBOG_diff_lag_2,0.5742035,0
2016-07-01,RHESCBM027SBOG_diff_lag_2,0.68530273,0
2016-08-01,RHESCBM027SBOG_diff_lag_2,0.7409973,0
2016-09-01,RHESCBM027SBOG_diff_lag_2,0.168396,0
2016-10-01,RHESCBM027SBOG_diff_lag_2,-0.050598145,0
2016-11-01,RHESCBM027SBOG_diff_lag_2,0.084999084,0
2016-12-01,RHESCBM027SBOG_diff_lag_2,0.035202026,0
2017-01-01,RHESCBM027SBOG_diff_lag_2,0.15570068,0
2017-02-01,RHESCBM027SBOG_diff_lag_2,0.19789886,0
2017-03-01,RHESCBM027SBOG_diff_lag_2,0.102500916,0
2017-04-01,RHESCBM027SBOG_diff_lag_2,0.18449402,0
2017-05-01,RHESCBM027SBOG_diff_lag_2,0.37870026,0
2017-06-01,RHESCBM027SBOG_diff_lag_2,0.34540558,0
2017-07-01,RHESCBM027SBOG_diff_lag_2,0.35820007,0
2017-08-01,RHESCBM027SBOG_diff_lag_2,0.27209473,0
2017-09-01,RHESCBM027SBOG_diff_lag_2,0.21019745,0
2017-10-01,RHESCBM027SBOG_diff_lag_2,0.44940186,0
2017-11-01,RHESCBM027SBOG_diff_lag_2,0.24060059,0
2017-12-01,RHESCBM027SBOG_diff_lag_2,0.058502197,0
2018-01-01,RHESCBM027SBOG_diff_lag_2,-0.021400452,0
2018-02-01,RHESCBM027SBOG_diff_lag_2,-0.22480011,0
2018-03-01,RHESCBM027SBOG_diff_lag_2,-0.3660965,0
2018-04-01,RHESCBM027SBOG_diff_lag_2,-0.66470337,0
2018-05-01,RHESCBM027SBOG_diff_lag_2,-0.7310028,0
2018-06-01,RHESCBM027SBOG_diff_lag_2,-0.75229645,0
2018-07-01,RHESCBM027SBOG_diff_lag_2,-0.8358002,0
2018-08-01,RHESCBM027SBOG_diff_lag_2,-0.7312012,0
2018-09-01,RHESCBM027SBOG_diff_lag_2,-0.40480042,0
2018-10-01,RHESCBM027SBOG_diff_lag_2,-0.29370117,0
2018-11-01,RHESCBM027SBOG_diff_lag_2,-0.38710022,0
2018-12-01,RHESCBM027SBOG_diff_lag_2,-0.522995,0
2019-01-01,RHESCBM027SBOG_diff_lag_2,-0.38479614,0
2019-02-01,RHESCBM027SBOG_diff_lag_2,-0.44960022,0
2019-03-01,RHESCBM027SBOG_diff_lag_2,-0.6650009,0
2000-01-01,T1YFFM,0.67,0
2000-02-01,T1YFFM,0.49,0
2000-03-01,T1YFFM,0.37,0
2000-04-01,T1YFFM,0.13,0
2000-05-01,T1YFFM,0.06,0
2000-06-01,T1YFFM,-0.36,0
2000-07-01,T1YFFM,-0.46,0
2000-08-01,T1YFFM,-0.32,0
2000-09-01,T1YFFM,-0.39,0
2000-10-01,T1YFFM,-0.5,0
2000-11-01,T1YFFM,-0.42,0
2000-12-01,T1YFFM,-0.8,0
2001-01-01,T1YFFM,-1.17,0
2001-02-01,T1YFFM,-0.81,0
2001-03-01,T1YFFM,-1.01,0
2001-04-01,T1YFFM,-0.82,0
2001-05-01,T1YFFM,-0.43,0
2001-06-01,T1YFFM,-0.39,0
2001-07-01,T1YFFM,-0.15,0
2001-08-01,T1YFFM,-0.18,0
2001-09-01,T1YFFM,-0.25,0
2001-10-01,T1YFFM,-0.16,0
2001-11-01,T1YFFM,0.09,0
2001-12-01,T1YFFM,0.4,0
2002-01-01,T1YFFM,0.43,0
2002-02-01,T1YFFM,0.49,0
2002-03-01,T1YFFM,0.84,0
2002-04-01,T1YFFM,0.73,0
2002-05-01,T1YFFM,0.6,0
2002-06-01,T1YFFM,0.45,0
2002-07-01,T1YFFM,0.23,0
2002-08-01,T1YFFM,0.02,0
2002-09-01,T1YFFM,-0.03,0
2002-10-01,T1YFFM,-0.1,0
2002-11-01,T1YFFM,0.15,0
2002-12-01,T1YFFM,0.21,0
2003-01-01,T1YFFM,0.12,0
2003-02-01,T1YFFM,0.04,0
2003-03-01,T1YFFM,-0.01,0
2003-04-01,T1YFFM,0.01,0
2003-05-01,T1YFFM,-0.08,0
2003-06-01,T1YFFM,-0.21,0
2003-07-01,T1YFFM,0.11,0
2003-08-01,T1YFFM,0.28,0
2003-09-01,T1YFFM,0.23,0
2003-10-01,T1YFFM,0.24,0
2003-11-01,T1YFFM,0.34,0
2003-12-01,T1YFFM,0.33,0
2004-01-01,T1YFFM,0.24,0
2004-02-01,T1YFFM,0.23,0
2004-03-01,T1YFFM,0.19,0
2004-04-01,T1YFFM,0.43,0
2004-05-01,T1YFFM,0.78,0
2004-06-01,T1YFFM,1.09,0
2004-07-01,T1YFFM,0.84,0
2004-08-01,T1YFFM,0.59,0
2004-09-01,T1YFFM,0.51,0
2004-10-01,T1YFFM,0.47,0
2004-11-01,T1YFFM,0.57,0
2004-12-01,T1YFFM,0.51,0
2005-01-01,T1YFFM,0.58,0
2005-02-01,T1YFFM,0.53,0
2005-03-01,T1YFFM,0.67,0
2005-04-01,T1YFFM,0.53,0
2005-05-01,T1YFFM,0.33,0
2005-06-01,T1YFFM,0.32,0
2005-07-01,T1YFFM,0.38,0
2005-08-01,T1YFFM,0.37,0
2005-09-01,T1YFFM,0.23,0
2005-10-01,T1YFFM,0.4,0
2005-11-01,T1YFFM,0.33,0
2005-12-01,T1YFFM,0.19,0
2006-01-01,T1YFFM,0.16,0
2006-02-01,T1YFFM,0.19,0
2006-03-01,T1YFFM,0.18,0
2006-04-01,T1YFFM,0.11,0
2006-05-01,T1YFFM,0.06,0
2006-06-01,T1YFFM,0.17,0
2006-07-01,T1YFFM,-0.02,0
2006-08-01,T1YFFM,-0.17,0
2006-09-01,T1YFFM,-0.28,0
2006-10-01,T1YFFM,-0.24,0
2006-11-01,T1YFFM,-0.24,0
2006-12-01,T1YFFM,-0.3,0
2007-01-01,T1YFFM,-0.19,0
2007-02-01,T1YFFM,-0.21,0
2007-03-01,T1YFFM,-0.34,0
2007-04-01,T1YFFM,-0.32,0
2007-05-01,T1YFFM,-0.34,0
2007-06-01,T1YFFM,-0.29,0
2007-07-01,T1YFFM,-0.3,0
2007-08-01,T1YFFM,-0.55,0
2007-09-01,T1YFFM,-0.8,0
2007-10-01,T1YFFM,-0.66,0
2007-11-01,T1YFFM,-0.99,0
2007-12-01,T1YFFM,-0.98,0
2008-01-01,T1YFFM,-1.23,0
2008-02-01,T1YFFM,-0.93,0
2008-03-01,T1YFFM,-1.07,0
2008-04-01,T1YFFM,-0.54,0
2008-05-01,T1YFFM,0.08,0
2008-06-01,T1YFFM,0.42,0
2008-07-01,T1YFFM,0.27,0
2008-08-01,T1YFFM,0.18,0
2008-09-01,T1YFFM,0.1,0
2008-10-01,T1YFFM,0.45,0
2008-11-01,T1YFFM,0.68,0
2008-12-01,T1YFFM,0.33,0
2009-01-01,T1YFFM,0.29,0
2009-02-01,T1YFFM,0.4,0
2009-03-01,T1YFFM,0.46,0
2009-04-01,T1YFFM,0.4,0
2009-05-01,T1YFFM,0.32,0
2009-06-01,T1YFFM,0.3,0
2009-07-01,T1YFFM,0.32,0
2009-08-01,T1YFFM,0.3,0
2009-09-01,T1YFFM,0.25,0
2009-10-01,T1YFFM,0.25,0
2009-11-01,T1YFFM,0.19,0
2009-12-01,T1YFFM,0.25,0
2010-01-01,T1YFFM,0.24,0
2010-02-01,T1YFFM,0.22,0
2010-03-01,T1YFFM,0.24,0
2010-04-01,T1YFFM,0.25,0
2010-05-01,T1YFFM,0.17,0
2010-06-01,T1YFFM,0.14,0
2010-07-01,T1YFFM,0.11,0
2010-08-01,T1YFFM,0.07,0
2010-09-01,T1YFFM,0.07,0
2010-10-01,T1YFFM,0.04,0
2010-11-01,T1YFFM,0.06,0
2010-12-01,T1YFFM,0.11,0
2011-01-01,T1YFFM,0.1,0
2011-02-01,T1YFFM,0.13,0
2011-03-01,T1YFFM,0.12,0
2011-04-01,T1YFFM,0.15,0
2011-05-01,T1YFFM,0.1,0
2011-06-01,T1YFFM,0.09,0
2011-07-01,T1YFFM,0.12,0
2011-08-01,T1YFFM,0.01,0
2011-09-01,T1YFFM,0.02,0
2011-10-01,T1YFFM,0.04,0
2011-11-01,T1YFFM,0.03,0
2011-12-01,T1YFFM,0.05,0
2012-01-01,T1YFFM,0.04,0
2012-02-01,T1YFFM,0.06,0
2012-03-01,T1YFFM,0.06,0
2012-04-01,T1YFFM,0.04,0
2012-05-01,T1YFFM,0.03,0
2012-06-01,T1YFFM,0.03,0
2012-07-01,T1YFFM,0.03,0
2012-08-01,T1YFFM,0.05,0
2012-09-01,T1YFFM,0.04,0
2012-10-01,T1YFFM,0.02,0
2012-11-01,T1YFFM,0.02,0
2012-12-01,T1YFFM,0.0,0
2013-01-01,T1YFFM,0.01,0
2013-02-01,T1YFFM,0.01,0
2013-03-01,T1YFFM,0.01,0
2013-04-01,T1YFFM,-0.03,0
2013-05-01,T1YFFM,0.01,0
2013-06-01,T1YFFM,0.05,0
2013-07-01,T1YFFM,0.03,0
2013-08-01,T1YFFM,0.05,0
2013-09-01,T1YFFM,0.04,0
2013-10-01,T1YFFM,0.03,0
2013-11-01,T1YFFM,0.04,0
2013-12-01,T1YFFM,0.04,0
2014-01-01,T1YFFM,0.05,0
2014-02-01,T1YFFM,0.05,0
2014-03-01,T1YFFM,0.05,0
2014-04-01,T1YFFM,0.02,0
2014-05-01,T1YFFM,0.01,0
2014-06-01,T1YFFM,0.0,0
2014-07-01,T1YFFM,0.02,0
2014-08-01,T1YFFM,0.02,0
2014-09-01,T1YFFM,0.02,0
2014-10-01,T1YFFM,0.01,0
2014-11-01,T1YFFM,0.04,0
2014-12-01,T1YFFM,0.09,0
2015-01-01,T1YFFM,0.09,0
2015-02-01,T1YFFM,0.11,0
2015-03-01,T1YFFM,0.14,0
2015-04-01,T1YFFM,0.11,0
2015-05-01,T1YFFM,0.12,0
2015-06-01,T1YFFM,0.15,0
2015-07-01,T1YFFM,0.17,0
2015-08-01,T1YFFM,0.24,0
2015-09-01,T1YFFM,0.23,0
2015-10-01,T1YFFM,0.14,0
2015-11-01,T1YFFM,0.36,0
2015-12-01,T1YFFM,0.41,0
2016-01-01,T1YFFM,0.2,0
2016-02-01,T1YFFM,0.15,0
2016-03-01,T1YFFM,0.3,0
2016-04-01,T1YFFM,0.19,0
2016-05-01,T1YFFM,0.22,0
2016-06-01,T1YFFM,0.17,0
2016-07-01,T1YFFM,0.12,0
2016-08-01,T1YFFM,0.17,0
2016-09-01,T1YFFM,0.19,0
2016-10-01,T1YFFM,0.26,0
2016-11-01,T1YFFM,0.33,0
2016-12-01,T1YFFM,0.33,0
2017-01-01,T1YFFM,0.18,0
2017-02-01,T1YFFM,0.16,0
2017-03-01,T1YFFM,0.22,0
2017-04-01,T1YFFM,0.14,0
2017-05-01,T1YFFM,0.21,0
2017-06-01,T1YFFM,0.16,0
2017-07-01,T1YFFM,0.07,0
2017-08-01,T1YFFM,0.07,0
2017-09-01,T1YFFM,0.13,0
2017-10-01,T1YFFM,0.25,0
2017-11-01,T1YFFM,0.4,0
2017-12-01,T1YFFM,0.4,0
2018-01-01,T1YFFM,0.39,0
2018-02-01,T1YFFM,0.54,0
2018-03-01,T1YFFM,0.55,0
2018-04-01,T1YFFM,0.46,0
2018-05-01,T1YFFM,0.57,0
2018-06-01,T1YFFM,0.51,0
2018-07-01,T1YFFM,0.48,0
2018-08-01,T1YFFM,0.54,0
2018-09-01,T1YFFM,0.61,0
2018-10-01,T1YFFM,0.46,0
2018-11-01,T1YFFM,0.5,0
2018-12-01,T1YFFM,0.39,0
2019-01-01,T1YFFM,0.18,0
2019-02-01,T1YFFM,0.15,0
2019-03-01,T1YFFM,0.08,0
2000-01-01,DFXARC1M027SBEA_diff_lag_1,-25.399963,0
2000-02-01,DFXARC1M027SBEA_diff_lag_1,7.799988,0
2000-03-01,DFXARC1M027SBEA_diff_lag_1,8.599976,0
2000-04-01,DFXARC1M027SBEA_diff_lag_1,0.9000244,0
2000-05-01,DFXARC1M027SBEA_diff_lag_1,0.5999756,0
2000-06-01,DFXARC1M027SBEA_diff_lag_1,6.300049,0
2000-07-01,DFXARC1M027SBEA_diff_lag_1,0.0,0
2000-08-01,DFXARC1M027SBEA_diff_lag_1,1.3999634,0
2000-09-01,DFXARC1M027SBEA_diff_lag_1,2.4000244,0
2000-10-01,DFXARC1M027SBEA_diff_lag_1,4.200012,0
2000-11-01,DFXARC1M027SBEA_diff_lag_1,-0.30004883,0
2000-12-01,DFXARC1M027SBEA_diff_lag_1,5.0,0
2001-01-01,DFXARC1M027SBEA_diff_lag_1,1.2000122,0
2001-02-01,DFXARC1M027SBEA_diff_lag_1,-0.8999634,0
2001-03-01,DFXARC1M027SBEA_diff_lag_1,-1.1000366,0
2001-04-01,DFXARC1M027SBEA_diff_lag_1,7.200012,0
2001-05-01,DFXARC1M027SBEA_diff_lag_1,2.9000244,0
2001-06-01,DFXARC1M027SBEA_diff_lag_1,-1.4000244,0
2001-07-01,DFXARC1M027SBEA_diff_lag_1,0.5999756,0
2001-08-01,DFXARC1M027SBEA_diff_lag_1,2.2000122,0
2001-09-01,DFXARC1M027SBEA_diff_lag_1,2.7000122,0
2001-10-01,DFXARC1M027SBEA_diff_lag_1,0.5999756,0
2001-11-01,DFXARC1M027SBEA_diff_lag_1,-1.0,0
2001-12-01,DFXARC1M027SBEA_diff_lag_1,3.9000244,0
2002-01-01,DFXARC1M027SBEA_diff_lag_1,-3.2999878,0
2002-02-01,DFXARC1M027SBEA_diff_lag_1,1.8999634,0
2002-03-01,DFXARC1M027SBEA_diff_lag_1,2.6000366,0
2002-04-01,DFXARC1M027SBEA_diff_lag_1,-2.2999878,0
2002-05-01,DFXARC1M027SBEA_diff_lag_1,2.0,0
2002-06-01,DFXARC1M027SBEA_diff_lag_1,0.5999756,0
2002-07-01,DFXARC1M027SBEA_diff_lag_1,2.5999756,0
2002-08-01,DFXARC1M027SBEA_diff_lag_1,-2.3999634,0
2002-09-01,DFXARC1M027SBEA_diff_lag_1,-0.7000122,0
2002-10-01,DFXARC1M027SBEA_diff_lag_1,3.5999756,0
2002-11-01,DFXARC1M027SBEA_diff_lag_1,6.0,0
2002-12-01,DFXARC1M027SBEA_diff_lag_1,0.2000122,0
2003-01-01,DFXARC1M027SBEA_diff_lag_1,3.5,0
2003-02-01,DFXARC1M027SBEA_diff_lag_1,2.6000366,0
2003-03-01,DFXARC1M027SBEA_diff_lag_1,1.0999756,0
2003-04-01,DFXARC1M027SBEA_diff_lag_1,1.2999878,0
2003-05-01,DFXARC1M027SBEA_diff_lag_1,-3.5999756,0
2003-06-01,DFXARC1M027SBEA_diff_lag_1,7.5,0
2003-07-01,DFXARC1M027SBEA_diff_lag_1,5.299988,0
2003-08-01,DFXARC1M027SBEA_diff_lag_1,6.5999756,0
2003-09-01,DFXARC1M027SBEA_diff_lag_1,1.2000122,0
2003-10-01,DFXARC1M027SBEA_diff_lag_1,1.1000366,0
2003-11-01,DFXARC1M027SBEA_diff_lag_1,3.1999512,0
2003-12-01,DFXARC1M027SBEA_diff_lag_1,-0.7999878,0
2004-01-01,DFXARC1M027SBEA_diff_lag_1,8.600037,0
2004-02-01,DFXARC1M027SBEA_diff_lag_1,-3.8000488,0
2004-03-01,DFXARC1M027SBEA_diff_lag_1,6.300049,0
2004-04-01,DFXARC1M027SBEA_diff_lag_1,2.0,0
2004-05-01,DFXARC1M027SBEA_diff_lag_1,3.1999512,0
2004-06-01,DFXARC1M027SBEA_diff_lag_1,0.6000366,0
2004-07-01,DFXARC1M027SBEA_diff_lag_1,2.2999878,0
2004-08-01,DFXARC1M027SBEA_diff_lag_1,3.2000122,0
2004-09-01,DFXARC1M027SBEA_diff_lag_1,5.700012,0
2004-10-01,DFXARC1M027SBEA_diff_lag_1,2.6999512,0
2004-11-01,DFXARC1M027SBEA_diff_lag_1,3.5,0
2004-12-01,DFXARC1M027SBEA_diff_lag_1,3.7000122,0
2005-01-01,DFXARC1M027SBEA_diff_lag_1,3.0,0
2005-02-01,DFXARC1M027SBEA_diff_lag_1,2.1000366,0
2005-03-01,DFXARC1M027SBEA_diff_lag_1,1.3999634,0
2005-04-01,DFXARC1M027SBEA_diff_lag_1,7.4000244,0
2005-05-01,DFXARC1M027SBEA_diff_lag_1,-2.2000122,0
2005-06-01,DFXARC1M027SBEA_diff_lag_1,4.700012,0
2005-07-01,DFXARC1M027SBEA_diff_lag_1,-0.4000244,0
2005-08-01,DFXARC1M027SBEA_diff_lag_1,4.5,0
2005-09-01,DFXARC1M027SBEA_diff_lag_1,4.700012,0
2005-10-01,DFXARC1M027SBEA_diff_lag_1,5.5,0
2005-11-01,DFXARC1M027SBEA_diff_lag_1,1.2999878,0
2005-12-01,DFXARC1M027SBEA_diff_lag_1,2.2000122,0
2006-01-01,DFXARC1M027SBEA_diff_lag_1,0.4000244,0
2006-02-01,DFXARC1M027SBEA_diff_lag_1,7.0,0
2006-03-01,DFXARC1M027SBEA_diff_lag_1,-2.2000122,0
2006-04-01,DFXARC1M027SBEA_diff_lag_1,3.0999756,0
2006-05-01,DFXARC1M027SBEA_diff_lag_1,4.4000244,0
2006-06-01,DFXARC1M027SBEA_diff_lag_1,-0.4000244,0
2006-07-01,DFXARC1M027SBEA_diff_lag_1,2.9000244,0
2006-08-01,DFXARC1M027SBEA_diff_lag_1,3.7000122,0
2006-09-01,DFXARC1M027SBEA_diff_lag_1,-1.3000488,0
2006-10-01,DFXARC1M027SBEA_diff_lag_1,10.400024,0
2006-11-01,DFXARC1M027SBEA_diff_lag_1,-0.099975586,0
2006-12-01,DFXARC1M027SBEA_diff_lag_1,7.299988,0
2007-01-01,DFXARC1M027SBEA_diff_lag_1,2.8999634,0
2007-02-01,DFXARC1M027SBEA_diff_lag_1,3.0,0
2007-03-01,DFXARC1M027SBEA_diff_lag_1,2.9000244,0
2007-04-01,DFXARC1M027SBEA_diff_lag_1,-1.0,0
2007-05-01,DFXARC1M027SBEA_diff_lag_1,4.200012,0
2007-06-01,DFXARC1M027SBEA_diff_lag_1,4.5,0
2007-07-01,DFXARC1M027SBEA_diff_lag_1,5.0,0
2007-08-01,DFXARC1M027SBEA_diff_lag_1,-3.0,0
2007-09-01,DFXARC1M027SBEA_diff_lag_1,4.0,0
2007-10-01,DFXARC1M027SBEA_diff_lag_1,2.8999634,0
2007-11-01,DFXARC1M027SBEA_diff_lag_1,6.9000244,0
2007-12-01,DFXARC1M027SBEA_diff_lag_1,5.200012,0
2008-01-01,DFXARC1M027SBEA_diff_lag_1,-0.2000122,0
2008-02-01,DFXARC1M027SBEA_diff_lag_1,-1.2000122,0
2008-03-01,DFXARC1M027SBEA_diff_lag_1,3.4000244,0
2008-04-01,DFXARC1M027SBEA_diff_lag_1,8.5,0
2008-05-01,DFXARC1M027SBEA_diff_lag_1,3.5,0
2008-06-01,DFXARC1M027SBEA_diff_lag_1,2.0,0
2008-07-01,DFXARC1M027SBEA_diff_lag_1,2.8999634,0
2008-08-01,DFXARC1M027SBEA_diff_lag_1,0.8000488,0
2008-09-01,DFXARC1M027SBEA_diff_lag_1,-4.1000366,0
2008-10-01,DFXARC1M027SBEA_diff_lag_1,0.2999878,0
2008-11-01,DFXARC1M027SBEA_diff_lag_1,2.0,0
2008-12-01,DFXARC1M027SBEA_diff_lag_1,-4.199951,0
2009-01-01,DFXARC1M027SBEA_diff_lag_1,8.399963,0
2009-02-01,DFXARC1M027SBEA_diff_lag_1,-8.599976,0
2009-03-01,DFXARC1M027SBEA_diff_lag_1,-0.9000244,0
2009-04-01,DFXARC1M027SBEA_diff_lag_1,0.7000122,0
2009-05-01,DFXARC1M027SBEA_diff_lag_1,2.0,0
2009-06-01,DFXARC1M027SBEA_diff_lag_1,-2.2000122,0
2009-07-01,DFXARC1M027SBEA_diff_lag_1,-0.5,0
2009-08-01,DFXARC1M027SBEA_diff_lag_1,0.2000122,0
2009-09-01,DFXARC1M027SBEA_diff_lag_1,4.0999756,0
2009-10-01,DFXARC1M027SBEA_diff_lag_1,1.2000122,0
2009-11-01,DFXARC1M027SBEA_diff_lag_1,-2.7999878,0
2009-12-01,DFXARC1M027SBEA_diff_lag_1,7.799988,0
2010-01-01,DFXARC1M027SBEA_diff_lag_1,-3.0,0
2010-02-01,DFXARC1M027SBEA_diff_lag_1,14.299988,0
2010-03-01,DFXARC1M027SBEA_diff_lag_1,-7.0,0
2010-04-01,DFXARC1M027SBEA_diff_lag_1,1.1000366,0
2010-05-01,DFXARC1M027SBEA_diff_lag_1,-2.0,0
2010-06-01,DFXARC1M027SBEA_diff_lag_1,-3.0,0
2010-07-01,DFXARC1M027SBEA_diff_lag_1,0.2000122,0
2010-08-01,DFXARC1M027SBEA_diff_lag_1,4.5999756,0
2010-09-01,DFXARC1M027SBEA_diff_lag_1,4.0999756,0
2010-10-01,DFXARC1M027SBEA_diff_lag_1,-0.5999756,0
2010-11-01,DFXARC1M027SBEA_diff_lag_1,8.599976,0
2010-12-01,DFXARC1M027SBEA_diff_lag_1,-1.3999634,0
2011-01-01,DFXARC1M027SBEA_diff_lag_1,7.0999756,0
2011-02-01,DFXARC1M027SBEA_diff_lag_1,4.6000366,0
2011-03-01,DFXARC1M027SBEA_diff_lag_1,1.3999634,0
2011-04-01,DFXARC1M027SBEA_diff_lag_1,9.299988,0
2011-05-01,DFXARC1M027SBEA_diff_lag_1,-5.0999756,0
2011-06-01,DFXARC1M027SBEA_diff_lag_1,7.0,0
2011-07-01,DFXARC1M027SBEA_diff_lag_1,1.7000122,0
2011-08-01,DFXARC1M027SBEA_diff_lag_1,3.5,0
2011-09-01,DFXARC1M027SBEA_diff_lag_1,0.2999878,0
2011-10-01,DFXARC1M027SBEA_diff_lag_1,3.7999878,0
2011-11-01,DFXARC1M027SBEA_diff_lag_1,1.2999878,0
2011-12-01,DFXARC1M027SBEA_diff_lag_1,-4.5,0
2012-01-01,DFXARC1M027SBEA_diff_lag_1,10.100037,0
2012-02-01,DFXARC1M027SBEA_diff_lag_1,1.2000122,0
2012-03-01,DFXARC1M027SBEA_diff_lag_1,4.8999634,0
2012-04-01,DFXARC1M027SBEA_diff_lag_1,2.2999878,0
2012-05-01,DFXARC1M027SBEA_diff_lag_1,0.4000244,0
2012-06-01,DFXARC1M027SBEA_diff_lag_1,0.099975586,0
2012-07-01,DFXARC1M027SBEA_diff_lag_1,2.5,0
2012-08-01,DFXARC1M027SBEA_diff_lag_1,-2.2999878,0
2012-09-01,DFXARC1M027SBEA_diff_lag_1,2.4000244,0
2012-10-01,DFXARC1M027SBEA_diff_lag_1,4.8999634,0
2012-11-01,DFXARC1M027SBEA_diff_lag_1,-0.7999878,0
2012-12-01,DFXARC1M027SBEA_diff_lag_1,1.0,0
2013-01-01,DFXARC1M027SBEA_diff_lag_1,2.2999878,0
2013-02-01,DFXARC1M027SBEA_diff_lag_1,7.5,0
2013-03-01,DFXARC1M027SBEA_diff_lag_1,-4.0,0
2013-04-01,DFXARC1M027SBEA_diff_lag_1,-4.799988,0
2013-05-01,DFXARC1M027SBEA_diff_lag_1,5.5,0
2013-06-01,DFXARC1M027SBEA_diff_lag_1,-0.2000122,0
2013-07-01,DFXARC1M027SBEA_diff_lag_1,5.200012,0
2013-08-01,DFXARC1M027SBEA_diff_lag_1,0.5,0
2013-09-01,DFXARC1M027SBEA_diff_lag_1,3.2000122,0
2013-10-01,DFXARC1M027SBEA_diff_lag_1,-0.099975586,0
2013-11-01,DFXARC1M027SBEA_diff_lag_1,2.5999756,0
2013-12-01,DFXARC1M027SBEA_diff_lag_1,7.5,0
2014-01-01,DFXARC1M027SBEA_diff_lag_1,1.7999878,0
2014-02-01,DFXARC1M027SBEA_diff_lag_1,3.5,0
2014-03-01,DFXARC1M027SBEA_diff_lag_1,0.6000366,0
2014-04-01,DFXARC1M027SBEA_diff_lag_1,4.3999634,0
2014-05-01,DFXARC1M027SBEA_diff_lag_1,3.2000122,0
2014-06-01,DFXARC1M027SBEA_diff_lag_1,7.0,0
2014-07-01,DFXARC1M027SBEA_diff_lag_1,2.0999756,0
2014-08-01,DFXARC1M027SBEA_diff_lag_1,2.6000366,0
2014-09-01,DFXARC1M027SBEA_diff_lag_1,1.5,0
2014-10-01,DFXARC1M027SBEA_diff_lag_1,3.8999634,0
2014-11-01,DFXARC1M027SBEA_diff_lag_1,2.1000366,0
2014-12-01,DFXARC1M027SBEA_diff_lag_1,1.8999634,0
2015-01-01,DFXARC1M027SBEA_diff_lag_1,3.5,0
2015-02-01,DFXARC1M027SBEA_diff_lag_1,0.6000366,0
2015-03-01,DFXARC1M027SBEA_diff_lag_1,1.0,0
2015-04-01,DFXARC1M027SBEA_diff_lag_1,-2.7000122,0
2015-05-01,DFXARC1M027SBEA_diff_lag_1,0.2000122,0
2015-06-01,DFXARC1M027SBEA_diff_lag_1,2.7999878,0
2015-07-01,DFXARC1M027SBEA_diff_lag_1,4.200012,0
2015-08-01,DFXARC1M027SBEA_diff_lag_1,-0.6000366,0
2015-09-01,DFXARC1M027SBEA_diff_lag_1,4.4000244,0
2015-10-01,DFXARC1M027SBEA_diff_lag_1,-5.200012,0
2015-11-01,DFXARC1M027SBEA_diff_lag_1,5.9000244,0
2015-12-01,DFXARC1M027SBEA_diff_lag_1,3.7000122,0
2016-01-01,DFXARC1M027SBEA_diff_lag_1,1.1999512,0
2016-02-01,DFXARC1M027SBEA_diff_lag_1,6.0,0
2016-03-01,DFXARC1M027SBEA_diff_lag_1,-4.8999634,0
2016-04-01,DFXARC1M027SBEA_diff_lag_1,10.700012,0
2016-05-01,DFXARC1M027SBEA_diff_lag_1,4.0,0
2016-06-01,DFXARC1M027SBEA_diff_lag_1,0.2999878,0
2016-07-01,DFXARC1M027SBEA_diff_lag_1,-2.0,0
2016-08-01,DFXARC1M027SBEA_diff_lag_1,1.3999634,0
2016-09-01,DFXARC1M027SBEA_diff_lag_1,-1.8999634,0
2016-10-01,DFXARC1M027SBEA_diff_lag_1,5.700012,0
2016-11-01,DFXARC1M027SBEA_diff_lag_1,-1.6000366,0
2016-12-01,DFXARC1M027SBEA_diff_lag_1,-3.0,0
2017-01-01,DFXARC1M027SBEA_diff_lag_1,7.1000366,0
2017-02-01,DFXARC1M027SBEA_diff_lag_1,-4.4000244,0
2017-03-01,DFXARC1M027SBEA_diff_lag_1,6.700012,0
2017-04-01,DFXARC1M027SBEA_diff_lag_1,3.5999756,0
2017-05-01,DFXARC1M027SBEA_diff_lag_1,-0.5999756,0
2017-06-01,DFXARC1M027SBEA_diff_lag_1,0.2000122,0
2017-07-01,DFXARC1M027SBEA_diff_lag_1,2.2999878,0
2017-08-01,DFXARC1M027SBEA_diff_lag_1,7.0999756,0
2017-09-01,DFXARC1M027SBEA_diff_lag_1,4.200012,0
2017-10-01,DFXARC1M027SBEA_diff_lag_1,3.7999878,0
2017-11-01,DFXARC1M027SBEA_diff_lag_1,5.5,0
2017-12-01,DFXARC1M027SBEA_diff_lag_1,6.4000244,0
2018-01-01,DFXARC1M027SBEA_diff_lag_1,-2.9000244,0
2018-02-01,DFXARC1M027SBEA_diff_lag_1,0.9000244,0
2018-03-01,DFXARC1M027SBEA_diff_lag_1,5.799988,0
2018-04-01,DFXARC1M027SBEA_diff_lag_1,1.2000122,0
2018-05-01,DFXARC1M027SBEA_diff_lag_1,6.5,0
2018-06-01,DFXARC1M027SBEA_diff_lag_1,0.0,0
2018-07-01,DFXARC1M027SBEA_diff_lag_1,7.5,0
2018-08-01,DFXARC1M027SBEA_diff_lag_1,0.0,0
2018-09-01,DFXARC1M027SBEA_diff_lag_1,-0.7999878,0
2018-10-01,DFXARC1M027SBEA_diff_lag_1,2.0999756,0
2018-11-01,DFXARC1M027SBEA_diff_lag_1,7.200012,0
2018-12-01,DFXARC1M027SBEA_diff_lag_1,-11.700012,0
2019-01-01,DFXARC1M027SBEA_diff_lag_1,14.400024,0
2019-02-01,DFXARC1M027SBEA_diff_lag_1,-13.400024,0
2019-03-01,DFXARC1M027SBEA_diff_lag_1,9.700012,0
2000-01-01,LNS17200000_diff_lag_1,68.0,0
2000-02-01,LNS17200000_diff_lag_1,11.0,0
2000-03-01,LNS17200000_diff_lag_1,-55.0,0
2000-04-01,LNS17200000_diff_lag_1,26.0,0
2000-05-01,LNS17200000_diff_lag_1,-346.0,0
2000-06-01,LNS17200000_diff_lag_1,395.0,0
2000-07-01,LNS17200000_diff_lag_1,-384.0,0
2000-08-01,LNS17200000_diff_lag_1,363.0,0
2000-09-01,LNS17200000_diff_lag_1,136.0,0
2000-10-01,LNS17200000_diff_lag_1,-84.0,0
2000-11-01,LNS17200000_diff_lag_1,140.0,0
2000-12-01,LNS17200000_diff_lag_1,-63.0,0
2001-01-01,LNS17200000_diff_lag_1,204.0,0
2001-02-01,LNS17200000_diff_lag_1,-129.0,0
2001-03-01,LNS17200000_diff_lag_1,-3.0,0
2001-04-01,LNS17200000_diff_lag_1,-246.0,0
2001-05-01,LNS17200000_diff_lag_1,83.0,0
2001-06-01,LNS17200000_diff_lag_1,-22.0,0
2001-07-01,LNS17200000_diff_lag_1,348.0,0
2001-08-01,LNS17200000_diff_lag_1,-340.0,0
2001-09-01,LNS17200000_diff_lag_1,461.0,0
2001-10-01,LNS17200000_diff_lag_1,-708.0,0
2001-11-01,LNS17200000_diff_lag_1,112.0,0
2001-12-01,LNS17200000_diff_lag_1,-23.0,0
2002-01-01,LNS17200000_diff_lag_1,53.0,0
2002-02-01,LNS17200000_diff_lag_1,208.0,0
2002-03-01,LNS17200000_diff_lag_1,-406.0,0
2002-04-01,LNS17200000_diff_lag_1,277.0,0
2002-05-01,LNS17200000_diff_lag_1,215.0,0
2002-06-01,LNS17200000_diff_lag_1,-87.0,0
2002-07-01,LNS17200000_diff_lag_1,-203.0,0
2002-08-01,LNS17200000_diff_lag_1,156.0,0
2002-09-01,LNS17200000_diff_lag_1,-107.0,0
2002-10-01,LNS17200000_diff_lag_1,-7.0,0
2002-11-01,LNS17200000_diff_lag_1,16.0,0
2002-12-01,LNS17200000_diff_lag_1,-175.0,0
2003-01-01,LNS17200000_diff_lag_1,457.0,0
2003-02-01,LNS17200000_diff_lag_1,-279.0,0
2003-03-01,LNS17200000_diff_lag_1,0.0,0
2003-04-01,LNS17200000_diff_lag_1,16.0,0
2003-05-01,LNS17200000_diff_lag_1,-161.0,0
2003-06-01,LNS17200000_diff_lag_1,298.0,0
2003-07-01,LNS17200000_diff_lag_1,-289.0,0
2003-08-01,LNS17200000_diff_lag_1,211.0,0
2003-09-01,LNS17200000_diff_lag_1,59.0,0
2003-10-01,LNS17200000_diff_lag_1,43.0,0
2003-11-01,LNS17200000_diff_lag_1,86.0,0
2003-12-01,LNS17200000_diff_lag_1,-302.0,0
2004-01-01,LNS17200000_diff_lag_1,185.0,0
2004-02-01,LNS17200000_diff_lag_1,-220.0,0
2004-03-01,LNS17200000_diff_lag_1,155.0,0
2004-04-01,LNS17200000_diff_lag_1,-48.0,0
2004-05-01,LNS17200000_diff_lag_1,66.0,0
2004-06-01,LNS17200000_diff_lag_1,-92.0,0
2004-07-01,LNS17200000_diff_lag_1,273.0,0
2004-08-01,LNS17200000_diff_lag_1,-190.0,0
2004-09-01,LNS17200000_diff_lag_1,-105.0,0
2004-10-01,LNS17200000_diff_lag_1,329.0,0
2004-11-01,LNS17200000_diff_lag_1,-61.0,0
2004-12-01,LNS17200000_diff_lag_1,-150.0,0
2005-01-01,LNS17200000_diff_lag_1,139.0,0
2005-02-01,LNS17200000_diff_lag_1,-108.0,0
2005-03-01,LNS17200000_diff_lag_1,-16.0,0
2005-04-01,LNS17200000_diff_lag_1,293.0,0
2005-05-01,LNS17200000_diff_lag_1,-91.0,0
2005-06-01,LNS17200000_diff_lag_1,-188.0,0
2005-07-01,LNS17200000_diff_lag_1,307.0,0
2005-08-01,LNS17200000_diff_lag_1,-213.0,0
2005-09-01,LNS17200000_diff_lag_1,-4.0,0
2005-10-01,LNS17200000_diff_lag_1,37.0,0
2005-11-01,LNS17200000_diff_lag_1,-257.0,0
2005-12-01,LNS17200000_diff_lag_1,442.0,0
2006-01-01,LNS17200000_diff_lag_1,-99.0,0
2006-02-01,LNS17200000_diff_lag_1,-26.0,0
2006-03-01,LNS17200000_diff_lag_1,73.0,0
2006-04-01,LNS17200000_diff_lag_1,49.0,0
2006-05-01,LNS17200000_diff_lag_1,58.0,0
2006-06-01,LNS17200000_diff_lag_1,-33.0,0
2006-07-01,LNS17200000_diff_lag_1,-208.0,0
2006-08-01,LNS17200000_diff_lag_1,227.0,0
2006-09-01,LNS17200000_diff_lag_1,-175.0,0
2006-10-01,LNS17200000_diff_lag_1,230.0,0
2006-11-01,LNS17200000_diff_lag_1,62.0,0
2006-12-01,LNS17200000_diff_lag_1,70.0,0
2007-01-01,LNS17200000_diff_lag_1,-149.0,0
2007-02-01,LNS17200000_diff_lag_1,-102.0,0
2007-03-01,LNS17200000_diff_lag_1,-26.0,0
2007-04-01,LNS17200000_diff_lag_1,-409.0,0
2007-05-01,LNS17200000_diff_lag_1,357.0,0
2007-06-01,LNS17200000_diff_lag_1,129.0,0
2007-07-01,LNS17200000_diff_lag_1,-350.0,0
2007-08-01,LNS17200000_diff_lag_1,143.0,0
2007-09-01,LNS17200000_diff_lag_1,164.0,0
2007-10-01,LNS17200000_diff_lag_1,-234.0,0
2007-11-01,LNS17200000_diff_lag_1,304.0,0
2007-12-01,LNS17200000_diff_lag_1,-454.0,0
2008-01-01,LNS17200000_diff_lag_1,296.0,0
2008-02-01,LNS17200000_diff_lag_1,-319.0,0
2008-03-01,LNS17200000_diff_lag_1,185.0,0
2008-04-01,LNS17200000_diff_lag_1,-135.0,0
2008-05-01,LNS17200000_diff_lag_1,20.0,0
2008-06-01,LNS17200000_diff_lag_1,50.0,0
2008-07-01,LNS17200000_diff_lag_1,-32.0,0
2008-08-01,LNS17200000_diff_lag_1,-169.0,0
2008-09-01,LNS17200000_diff_lag_1,44.0,0
2008-10-01,LNS17200000_diff_lag_1,-91.0,0
2008-11-01,LNS17200000_diff_lag_1,-36.0,0
2008-12-01,LNS17200000_diff_lag_1,-40.0,0
2009-01-01,LNS17200000_diff_lag_1,193.0,0
2009-02-01,LNS17200000_diff_lag_1,-97.0,0
2009-03-01,LNS17200000_diff_lag_1,-252.0,0
2009-04-01,LNS17200000_diff_lag_1,299.0,0
2009-05-01,LNS17200000_diff_lag_1,-186.0,0
2009-06-01,LNS17200000_diff_lag_1,-124.0,0
2009-07-01,LNS17200000_diff_lag_1,82.0,0
2009-08-01,LNS17200000_diff_lag_1,66.0,0
2009-09-01,LNS17200000_diff_lag_1,-269.0,0
2009-10-01,LNS17200000_diff_lag_1,205.0,0
2009-11-01,LNS17200000_diff_lag_1,-55.0,0
2009-12-01,LNS17200000_diff_lag_1,-77.0,0
2010-01-01,LNS17200000_diff_lag_1,506.0,0
2010-02-01,LNS17200000_diff_lag_1,-187.0,0
2010-03-01,LNS17200000_diff_lag_1,-9.0,0
2010-04-01,LNS17200000_diff_lag_1,-51.0,0
2010-05-01,LNS17200000_diff_lag_1,-88.0,0
2010-06-01,LNS17200000_diff_lag_1,-130.0,0
2010-07-01,LNS17200000_diff_lag_1,158.0,0
2010-08-01,LNS17200000_diff_lag_1,209.0,0
2010-09-01,LNS17200000_diff_lag_1,-250.0,0
2010-10-01,LNS17200000_diff_lag_1,22.0,0
2010-11-01,LNS17200000_diff_lag_1,221.0,0
2010-12-01,LNS17200000_diff_lag_1,-86.0,0
2011-01-01,LNS17200000_diff_lag_1,50.0,0
2011-02-01,LNS17200000_diff_lag_1,-30.0,0
2011-03-01,LNS17200000_diff_lag_1,-77.0,0
2011-04-01,LNS17200000_diff_lag_1,13.0,0
2011-05-01,LNS17200000_diff_lag_1,78.0,0
2011-06-01,LNS17200000_diff_lag_1,-271.0,0
2011-07-01,LNS17200000_diff_lag_1,425.0,0
2011-08-01,LNS17200000_diff_lag_1,-215.0,0
2011-09-01,LNS17200000_diff_lag_1,232.0,0
2011-10-01,LNS17200000_diff_lag_1,-215.0,0
2011-11-01,LNS17200000_diff_lag_1,208.0,0
2011-12-01,LNS17200000_diff_lag_1,-190.0,0
2012-01-01,LNS17200000_diff_lag_1,-157.0,0
2012-02-01,LNS17200000_diff_lag_1,100.0,0
2012-03-01,LNS17200000_diff_lag_1,25.0,0
2012-04-01,LNS17200000_diff_lag_1,25.0,0
2012-05-01,LNS17200000_diff_lag_1,108.0,0
2012-06-01,LNS17200000_diff_lag_1,-17.0,0
2012-07-01,LNS17200000_diff_lag_1,51.0,0
2012-08-01,LNS17200000_diff_lag_1,179.0,0
2012-09-01,LNS17200000_diff_lag_1,-75.0,0
2012-10-01,LNS17200000_diff_lag_1,-121.0,0
2012-11-01,LNS17200000_diff_lag_1,54.0,0
2012-12-01,LNS17200000_diff_lag_1,32.0,0
2013-01-01,LNS17200000_diff_lag_1,-333.0,0
2013-02-01,LNS17200000_diff_lag_1,220.0,0
2013-03-01,LNS17200000_diff_lag_1,163.0,0
2013-04-01,LNS17200000_diff_lag_1,163.0,0
2013-05-01,LNS17200000_diff_lag_1,-233.0,0
2013-06-01,LNS17200000_diff_lag_1,166.0,0
2013-07-01,LNS17200000_diff_lag_1,-113.0,0
2013-08-01,LNS17200000_diff_lag_1,50.0,0
2013-09-01,LNS17200000_diff_lag_1,-6.0,0
2013-10-01,LNS17200000_diff_lag_1,-160.0,0
2013-11-01,LNS17200000_diff_lag_1,80.0,0
2013-12-01,LNS17200000_diff_lag_1,-2.0,0
2014-01-01,LNS17200000_diff_lag_1,413.0,0
2014-02-01,LNS17200000_diff_lag_1,-412.0,0
2014-03-01,LNS17200000_diff_lag_1,341.0,0
2014-04-01,LNS17200000_diff_lag_1,-449.0,0
2014-05-01,LNS17200000_diff_lag_1,395.0,0
2014-06-01,LNS17200000_diff_lag_1,-40.0,0
2014-07-01,LNS17200000_diff_lag_1,-19.0,0
2014-08-01,LNS17200000_diff_lag_1,-38.0,0
2014-09-01,LNS17200000_diff_lag_1,-58.0,0
2014-10-01,LNS17200000_diff_lag_1,366.0,0
2014-11-01,LNS17200000_diff_lag_1,-287.0,0
2014-12-01,LNS17200000_diff_lag_1,130.0,0
2015-01-01,LNS17200000_diff_lag_1,297.0,0
2015-02-01,LNS17200000_diff_lag_1,-53.0,0
2015-03-01,LNS17200000_diff_lag_1,-100.0,0
2015-04-01,LNS17200000_diff_lag_1,172.0,0
2015-05-01,LNS17200000_diff_lag_1,118.0,0
2015-06-01,LNS17200000_diff_lag_1,-250.0,0
2015-07-01,LNS17200000_diff_lag_1,169.0,0
2015-08-01,LNS17200000_diff_lag_1,100.0,0
2015-09-01,LNS17200000_diff_lag_1,-586.0,0
2015-10-01,LNS17200000_diff_lag_1,568.0,0
2015-11-01,LNS17200000_diff_lag_1,-215.0,0
2015-12-01,LNS17200000_diff_lag_1,152.0,0
2016-01-01,LNS17200000_diff_lag_1,-36.0,0
2016-02-01,LNS17200000_diff_lag_1,27.0,0
2016-03-01,LNS17200000_diff_lag_1,-53.0,0
2016-04-01,LNS17200000_diff_lag_1,-269.0,0
2016-05-01,LNS17200000_diff_lag_1,127.0,0
2016-06-01,LNS17200000_diff_lag_1,-110.0,0
2016-07-01,LNS17200000_diff_lag_1,235.0,0
2016-08-01,LNS17200000_diff_lag_1,-23.0,0
2016-09-01,LNS17200000_diff_lag_1,-185.0,0
2016-10-01,LNS17200000_diff_lag_1,-101.0,0
2016-11-01,LNS17200000_diff_lag_1,429.0,0
2016-12-01,LNS17200000_diff_lag_1,49.0,0
2017-01-01,LNS17200000_diff_lag_1,-153.0,0
2017-02-01,LNS17200000_diff_lag_1,-10.0,0
2017-03-01,LNS17200000_diff_lag_1,115.0,0
2017-04-01,LNS17200000_diff_lag_1,-74.0,0
2017-05-01,LNS17200000_diff_lag_1,-95.0,0
2017-06-01,LNS17200000_diff_lag_1,338.0,0
2017-07-01,LNS17200000_diff_lag_1,-137.0,0
2017-08-01,LNS17200000_diff_lag_1,-45.0,0
2017-09-01,LNS17200000_diff_lag_1,326.0,0
2017-10-01,LNS17200000_diff_lag_1,-451.0,0
2017-11-01,LNS17200000_diff_lag_1,195.0,0
2017-12-01,LNS17200000_diff_lag_1,-141.0,0
2018-01-01,LNS17200000_diff_lag_1,36.0,0
2018-02-01,LNS17200000_diff_lag_1,136.0,0
2018-03-01,LNS17200000_diff_lag_1,-279.0,0
2018-04-01,LNS17200000_diff_lag_1,150.0,0
2018-05-01,LNS17200000_diff_lag_1,-53.0,0
2018-06-01,LNS17200000_diff_lag_1,119.0,0
2018-07-01,LNS17200000_diff_lag_1,298.0,0
2018-08-01,LNS17200000_diff_lag_1,-210.0,0
2018-09-01,LNS17200000_diff_lag_1,80.0,0
2018-10-01,LNS17200000_diff_lag_1,9.0,0
2018-11-01,LNS17200000_diff_lag_1,-107.0,0
2018-12-01,LNS17200000_diff_lag_1,73.0,0
2019-01-01,LNS17200000_diff_lag_1,-184.0,0
2019-02-01,LNS17200000_diff_lag_1,197.0,0
2019-03-01,LNS17200000_diff_lag_1,-345.0,0
2000-01-01,RPI_perc_diff_lag_1,1.0038002,0
2000-02-01,RPI_perc_diff_lag_1,0.40608642,0
2000-03-01,RPI_perc_diff_lag_1,0.26916644,0
2000-04-01,RPI_perc_diff_lag_1,0.50446147,0
2000-05-01,RPI_perc_diff_lag_1,0.34254104,0
2000-06-01,RPI_perc_diff_lag_1,0.25697017,0
2000-07-01,RPI_perc_diff_lag_1,0.5000916,0
2000-08-01,RPI_perc_diff_lag_1,0.4819332,0
2000-09-01,RPI_perc_diff_lag_1,0.0020302932,0
2000-10-01,RPI_perc_diff_lag_1,0.12845719,0
2000-11-01,RPI_perc_diff_lag_1,-0.007070546,0
2000-12-01,RPI_perc_diff_lag_1,0.2064326,0
2001-01-01,RPI_perc_diff_lag_1,0.7186357,0
2001-02-01,RPI_perc_diff_lag_1,0.28738126,0
2001-03-01,RPI_perc_diff_lag_1,0.36021787,0
2001-04-01,RPI_perc_diff_lag_1,-0.23656143,0
2001-05-01,RPI_perc_diff_lag_1,-0.28570604,0
2001-06-01,RPI_perc_diff_lag_1,-0.13748443,0
2001-07-01,RPI_perc_diff_lag_1,-0.009337041,0
2001-08-01,RPI_perc_diff_lag_1,-0.08773133,0
2001-09-01,RPI_perc_diff_lag_1,0.16099936,0
2001-10-01,RPI_perc_diff_lag_1,-0.033221446,0
2001-11-01,RPI_perc_diff_lag_1,0.13592589,0
2001-12-01,RPI_perc_diff_lag_1,0.18336934,0
2002-01-01,RPI_perc_diff_lag_1,0.100829944,0
2002-02-01,RPI_perc_diff_lag_1,-0.05698629,0
2002-03-01,RPI_perc_diff_lag_1,-0.13087834,0
2002-04-01,RPI_perc_diff_lag_1,0.14310956,0
2002-05-01,RPI_perc_diff_lag_1,0.21832572,0
2002-06-01,RPI_perc_diff_lag_1,0.17642164,0
2002-07-01,RPI_perc_diff_lag_1,-0.35180086,0
2002-08-01,RPI_perc_diff_lag_1,-0.07203478,0
2002-09-01,RPI_perc_diff_lag_1,0.0051083714,0
2002-10-01,RPI_perc_diff_lag_1,0.17978477,0
2002-11-01,RPI_perc_diff_lag_1,0.23869428,0
2002-12-01,RPI_perc_diff_lag_1,0.279396,0
2003-01-01,RPI_perc_diff_lag_1,-0.19391665,0
2003-02-01,RPI_perc_diff_lag_1,-0.28105623,0
2003-03-01,RPI_perc_diff_lag_1,0.18987337,0
2003-04-01,RPI_perc_diff_lag_1,0.4139926,0
2003-05-01,RPI_perc_diff_lag_1,0.7606282,0
2003-06-01,RPI_perc_diff_lag_1,0.356015,0
2003-07-01,RPI_perc_diff_lag_1,0.09308454,0
2003-08-01,RPI_perc_diff_lag_1,0.1306994,0
2003-09-01,RPI_perc_diff_lag_1,0.08567377,0
2003-10-01,RPI_perc_diff_lag_1,0.391808,0
2003-11-01,RPI_perc_diff_lag_1,0.6054113,0
2003-12-01,RPI_perc_diff_lag_1,0.08882134,0
2004-01-01,RPI_perc_diff_lag_1,-0.23387028,0
2004-02-01,RPI_perc_diff_lag_1,0.12516487,0
2004-03-01,RPI_perc_diff_lag_1,0.36532497,0
2004-04-01,RPI_perc_diff_lag_1,0.39433855,0
2004-05-01,RPI_perc_diff_lag_1,0.5692091,0
2004-06-01,RPI_perc_diff_lag_1,0.12003921,0
2004-07-01,RPI_perc_diff_lag_1,0.33702278,0
2004-08-01,RPI_perc_diff_lag_1,0.38684273,0
2004-09-01,RPI_perc_diff_lag_1,0.1273224,0
2004-10-01,RPI_perc_diff_lag_1,0.089738265,0
2004-11-01,RPI_perc_diff_lag_1,-0.2065148,0
2004-12-01,RPI_perc_diff_lag_1,3.4188375,0
2005-01-01,RPI_perc_diff_lag_1,-2.625834,0
2005-02-01,RPI_perc_diff_lag_1,0.0875193,0
2005-03-01,RPI_perc_diff_lag_1,0.33556095,0
2005-04-01,RPI_perc_diff_lag_1,0.34516576,0
2005-05-01,RPI_perc_diff_lag_1,0.46753973,0
2005-06-01,RPI_perc_diff_lag_1,0.2775249,0
2005-07-01,RPI_perc_diff_lag_1,0.082536876,0
2005-08-01,RPI_perc_diff_lag_1,0.14818339,0
2005-09-01,RPI_perc_diff_lag_1,-0.31068718,0
2005-10-01,RPI_perc_diff_lag_1,0.7397176,0
2005-11-01,RPI_perc_diff_lag_1,0.8401701,0
2005-12-01,RPI_perc_diff_lag_1,0.5439636,0
2006-01-01,RPI_perc_diff_lag_1,1.2160763,0
2006-02-01,RPI_perc_diff_lag_1,0.44534475,0
2006-03-01,RPI_perc_diff_lag_1,0.2555596,0
2006-04-01,RPI_perc_diff_lag_1,0.037351068,0
2006-05-01,RPI_perc_diff_lag_1,-0.05422681,0
2006-06-01,RPI_perc_diff_lag_1,0.22599715,0
2006-07-01,RPI_perc_diff_lag_1,-0.117411554,0
2006-08-01,RPI_perc_diff_lag_1,-0.048475947,0
2006-09-01,RPI_perc_diff_lag_1,0.67702544,0
2006-10-01,RPI_perc_diff_lag_1,0.5879098,0
2006-11-01,RPI_perc_diff_lag_1,0.48699054,0
2006-12-01,RPI_perc_diff_lag_1,0.5023367,0
2007-01-01,RPI_perc_diff_lag_1,0.27260566,0
2007-02-01,RPI_perc_diff_lag_1,0.4789941,0
2007-03-01,RPI_perc_diff_lag_1,0.39408976,0
2007-04-01,RPI_perc_diff_lag_1,0.026991496,0
2007-05-01,RPI_perc_diff_lag_1,-0.051896714,0
2007-06-01,RPI_perc_diff_lag_1,-0.12693028,0
2007-07-01,RPI_perc_diff_lag_1,0.04700567,0
2007-08-01,RPI_perc_diff_lag_1,0.026298612,0
2007-09-01,RPI_perc_diff_lag_1,0.20974635,0
2007-10-01,RPI_perc_diff_lag_1,-0.19399704,0
2007-11-01,RPI_perc_diff_lag_1,-0.09232269,0
2007-12-01,RPI_perc_diff_lag_1,0.38054514,0
2008-01-01,RPI_perc_diff_lag_1,0.08266072,0
2008-02-01,RPI_perc_diff_lag_1,0.053025328,0
2008-03-01,RPI_perc_diff_lag_1,0.050517954,0
2008-04-01,RPI_perc_diff_lag_1,-0.3122084,0
2008-05-01,RPI_perc_diff_lag_1,4.128245,0
2008-06-01,RPI_perc_diff_lag_1,-2.514317,0
2008-07-01,RPI_perc_diff_lag_1,-1.6560842,0
2008-08-01,RPI_perc_diff_lag_1,-0.6404974,0
2008-09-01,RPI_perc_diff_lag_1,0.10554005,0
2008-10-01,RPI_perc_diff_lag_1,0.48368853,0
2008-11-01,RPI_perc_diff_lag_1,0.6146017,0
2008-12-01,RPI_perc_diff_lag_1,-0.6820135,0
2009-01-01,RPI_perc_diff_lag_1,-1.1484864,0
2009-02-01,RPI_perc_diff_lag_1,-1.212047,0
2009-03-01,RPI_perc_diff_lag_1,-0.27793664,0
2009-04-01,RPI_perc_diff_lag_1,0.46194586,0
2009-05-01,RPI_perc_diff_lag_1,1.4858757,0
2009-06-01,RPI_perc_diff_lag_1,-1.5574671,0
2009-07-01,RPI_perc_diff_lag_1,-0.3974763,0
2009-08-01,RPI_perc_diff_lag_1,-0.23663181,0
2009-09-01,RPI_perc_diff_lag_1,0.15641731,0
2009-10-01,RPI_perc_diff_lag_1,-0.42167178,0
2009-11-01,RPI_perc_diff_lag_1,0.26497877,0
2009-12-01,RPI_perc_diff_lag_1,0.5100735,0
2010-01-01,RPI_perc_diff_lag_1,0.4016833,0
2010-02-01,RPI_perc_diff_lag_1,-0.060605653,0
2010-03-01,RPI_perc_diff_lag_1,0.3161292,0
2010-04-01,RPI_perc_diff_lag_1,0.81696737,0
2010-05-01,RPI_perc_diff_lag_1,0.83805513,0
2010-06-01,RPI_perc_diff_lag_1,0.23009634,0
2010-07-01,RPI_perc_diff_lag_1,0.29505706,0
2010-08-01,RPI_perc_diff_lag_1,0.36691177,0
2010-09-01,RPI_perc_diff_lag_1,-0.013905043,0
2010-10-01,RPI_perc_diff_lag_1,0.19096796,0
2010-11-01,RPI_perc_diff_lag_1,0.23932937,0
2010-12-01,RPI_perc_diff_lag_1,0.7121851,0
2011-01-01,RPI_perc_diff_lag_1,1.2490858,0
2011-02-01,RPI_perc_diff_lag_1,0.25714326,0
2011-03-01,RPI_perc_diff_lag_1,-0.2651948,0
2011-04-01,RPI_perc_diff_lag_1,-0.17446822,0
2011-05-01,RPI_perc_diff_lag_1,-0.08435929,0
2011-06-01,RPI_perc_diff_lag_1,0.503076,0
2011-07-01,RPI_perc_diff_lag_1,0.3497451,0
2011-08-01,RPI_perc_diff_lag_1,-0.109053336,0
2011-09-01,RPI_perc_diff_lag_1,-0.16739766,0
2011-10-01,RPI_perc_diff_lag_1,0.12258451,0
2011-11-01,RPI_perc_diff_lag_1,-0.059687678,0
2011-12-01,RPI_perc_diff_lag_1,0.9052769,0
2012-01-01,RPI_perc_diff_lag_1,0.45042896,0
2012-02-01,RPI_perc_diff_lag_1,0.61732113,0
2012-03-01,RPI_perc_diff_lag_1,0.36313635,0
2012-04-01,RPI_perc_diff_lag_1,0.37391058,0
2012-05-01,RPI_perc_diff_lag_1,0.08716208,0
2012-06-01,RPI_perc_diff_lag_1,0.13839595,0
2012-07-01,RPI_perc_diff_lag_1,-0.6138755,0
2012-08-01,RPI_perc_diff_lag_1,-0.3005839,0
2012-09-01,RPI_perc_diff_lag_1,0.5524596,0
2012-10-01,RPI_perc_diff_lag_1,0.73907197,0
2012-11-01,RPI_perc_diff_lag_1,1.4395119,0
2012-12-01,RPI_perc_diff_lag_1,2.5612676,0
2013-01-01,RPI_perc_diff_lag_1,-4.9226885,0
2013-02-01,RPI_perc_diff_lag_1,-0.42923862,0
2013-03-01,RPI_perc_diff_lag_1,0.21940202,0
2013-04-01,RPI_perc_diff_lag_1,0.46678364,0
2013-05-01,RPI_perc_diff_lag_1,0.5712432,0
2013-06-01,RPI_perc_diff_lag_1,0.08186959,0
2013-07-01,RPI_perc_diff_lag_1,-0.20857054,0
2013-08-01,RPI_perc_diff_lag_1,0.17978354,0
2013-09-01,RPI_perc_diff_lag_1,0.37615794,0
2013-10-01,RPI_perc_diff_lag_1,-0.21655332,0
2013-11-01,RPI_perc_diff_lag_1,0.37066466,0
2013-12-01,RPI_perc_diff_lag_1,0.3630032,0
2014-01-01,RPI_perc_diff_lag_1,0.6032728,0
2014-02-01,RPI_perc_diff_lag_1,0.7030708,0
2014-03-01,RPI_perc_diff_lag_1,0.5736241,0
2014-04-01,RPI_perc_diff_lag_1,0.17728424,0
2014-05-01,RPI_perc_diff_lag_1,0.23422207,0
2014-06-01,RPI_perc_diff_lag_1,0.39669973,0
2014-07-01,RPI_perc_diff_lag_1,0.38055125,0
2014-08-01,RPI_perc_diff_lag_1,0.5315918,0
2014-09-01,RPI_perc_diff_lag_1,0.31389242,0
2014-10-01,RPI_perc_diff_lag_1,0.42560968,0
2014-11-01,RPI_perc_diff_lag_1,0.45924267,0
2014-12-01,RPI_perc_diff_lag_1,0.6302521,0
2015-01-01,RPI_perc_diff_lag_1,0.8047856,0
2015-02-01,RPI_perc_diff_lag_1,0.3469674,0
2015-03-01,RPI_perc_diff_lag_1,-0.12973644,0
2015-04-01,RPI_perc_diff_lag_1,0.53452504,0
2015-05-01,RPI_perc_diff_lag_1,0.3519307,0
2015-06-01,RPI_perc_diff_lag_1,0.20390764,0
2015-07-01,RPI_perc_diff_lag_1,0.22199611,0
2015-08-01,RPI_perc_diff_lag_1,0.28954506,0
2015-09-01,RPI_perc_diff_lag_1,0.17209886,0
2015-10-01,RPI_perc_diff_lag_1,0.11253592,0
2015-11-01,RPI_perc_diff_lag_1,-0.18716478,0
2015-12-01,RPI_perc_diff_lag_1,0.28124815,0
2016-01-01,RPI_perc_diff_lag_1,0.13340546,0
2016-02-01,RPI_perc_diff_lag_1,0.071663395,0
2016-03-01,RPI_perc_diff_lag_1,0.12850136,0
2016-04-01,RPI_perc_diff_lag_1,-0.1267294,0
2016-05-01,RPI_perc_diff_lag_1,-0.06166496,0
2016-06-01,RPI_perc_diff_lag_1,0.013482875,0
2016-07-01,RPI_perc_diff_lag_1,0.30290866,0
2016-08-01,RPI_perc_diff_lag_1,0.06924274,0
2016-09-01,RPI_perc_diff_lag_1,0.28574598,0
2016-10-01,RPI_perc_diff_lag_1,0.18128416,0
2016-11-01,RPI_perc_diff_lag_1,0.24861589,0
2016-12-01,RPI_perc_diff_lag_1,0.21901508,0
2017-01-01,RPI_perc_diff_lag_1,0.33760452,0
2017-02-01,RPI_perc_diff_lag_1,0.45635805,0
2017-03-01,RPI_perc_diff_lag_1,0.4568854,0
2017-04-01,RPI_perc_diff_lag_1,-0.19134113,0
2017-05-01,RPI_perc_diff_lag_1,0.36779824,0
2017-06-01,RPI_perc_diff_lag_1,-0.012612403,0
2017-07-01,RPI_perc_diff_lag_1,0.33937505,0
2017-08-01,RPI_perc_diff_lag_1,0.20250599,0
2017-09-01,RPI_perc_diff_lag_1,0.1495695,0
2017-10-01,RPI_perc_diff_lag_1,0.22970389,0
2017-11-01,RPI_perc_diff_lag_1,0.11814576,0
2017-12-01,RPI_perc_diff_lag_1,0.22471932,0
2018-01-01,RPI_perc_diff_lag_1,0.21423261,0
2018-02-01,RPI_perc_diff_lag_1,0.19626448,0
2018-03-01,RPI_perc_diff_lag_1,0.34501016,0
2018-04-01,RPI_perc_diff_lag_1,-0.062263947,0
2018-05-01,RPI_perc_diff_lag_1,0.06383914,0
2018-06-01,RPI_perc_diff_lag_1,0.24970482,0
2018-07-01,RPI_perc_diff_lag_1,0.24708696,0
2018-08-01,RPI_perc_diff_lag_1,0.34921467,0
2018-09-01,RPI_perc_diff_lag_1,0.086386956,0
2018-10-01,RPI_perc_diff_lag_1,0.09406805,0
2018-11-01,RPI_perc_diff_lag_1,0.1069993,0
2018-12-01,RPI_perc_diff_lag_1,0.8822983,0
2019-01-01,RPI_perc_diff_lag_1,0.021909278,0
2019-02-01,RPI_perc_diff_lag_1,0.14304845,0
2019-03-01,RPI_perc_diff_lag_1,-0.08600221,0
2000-01-01,RELSCBM027NBOG_diff_lag_2,25.833984,0
2000-02-01,RELSCBM027NBOG_diff_lag_2,16.90393,0
2000-03-01,RELSCBM027NBOG_diff_lag_2,19.459412,0
2000-04-01,RELSCBM027NBOG_diff_lag_2,25.655518,0
2000-05-01,RELSCBM027NBOG_diff_lag_2,21.712708,0
2000-06-01,RELSCBM027NBOG_diff_lag_2,19.430054,0
2000-07-01,RELSCBM027NBOG_diff_lag_2,22.155884,0
2000-08-01,RELSCBM027NBOG_diff_lag_2,27.150024,0
2000-09-01,RELSCBM027NBOG_diff_lag_2,19.03241,0
2000-10-01,RELSCBM027NBOG_diff_lag_2,3.4187012,0
2000-11-01,RELSCBM027NBOG_diff_lag_2,3.3057861,0
2000-12-01,RELSCBM027NBOG_diff_lag_2,8.653687,0
2001-01-01,RELSCBM027NBOG_diff_lag_2,4.55719,0
2001-02-01,RELSCBM027NBOG_diff_lag_2,12.097229,0
2001-03-01,RELSCBM027NBOG_diff_lag_2,22.907837,0
2001-04-01,RELSCBM027NBOG_diff_lag_2,3.859497,0
2001-05-01,RELSCBM027NBOG_diff_lag_2,-2.2128296,0
2001-06-01,RELSCBM027NBOG_diff_lag_2,10.701904,0
2001-07-01,RELSCBM027NBOG_diff_lag_2,8.053528,0
2001-08-01,RELSCBM027NBOG_diff_lag_2,13.348572,0
2001-09-01,RELSCBM027NBOG_diff_lag_2,16.586365,0
2001-10-01,RELSCBM027NBOG_diff_lag_2,15.112488,0
2001-11-01,RELSCBM027NBOG_diff_lag_2,31.08313,0
2001-12-01,RELSCBM027NBOG_diff_lag_2,33.262695,0
2002-01-01,RELSCBM027NBOG_diff_lag_2,1.2463989,0
2002-02-01,RELSCBM027NBOG_diff_lag_2,-4.784973,0
2002-03-01,RELSCBM027NBOG_diff_lag_2,3.533081,0
2002-04-01,RELSCBM027NBOG_diff_lag_2,5.350586,0
2002-05-01,RELSCBM027NBOG_diff_lag_2,22.769897,0
2002-06-01,RELSCBM027NBOG_diff_lag_2,28.760925,0
2002-07-01,RELSCBM027NBOG_diff_lag_2,19.091187,0
2002-08-01,RELSCBM027NBOG_diff_lag_2,23.496582,0
2002-09-01,RELSCBM027NBOG_diff_lag_2,32.76953,0
2002-10-01,RELSCBM027NBOG_diff_lag_2,33.213623,0
2002-11-01,RELSCBM027NBOG_diff_lag_2,34.311584,0
2002-12-01,RELSCBM027NBOG_diff_lag_2,30.725891,0
2003-01-01,RELSCBM027NBOG_diff_lag_2,25.751038,0
2003-02-01,RELSCBM027NBOG_diff_lag_2,25.425598,0
2003-03-01,RELSCBM027NBOG_diff_lag_2,16.061646,0
2003-04-01,RELSCBM027NBOG_diff_lag_2,12.914307,0
2003-05-01,RELSCBM027NBOG_diff_lag_2,22.484009,0
2003-06-01,RELSCBM027NBOG_diff_lag_2,21.440308,0
2003-07-01,RELSCBM027NBOG_diff_lag_2,26.607544,0
2003-08-01,RELSCBM027NBOG_diff_lag_2,39.8349,0
2003-09-01,RELSCBM027NBOG_diff_lag_2,28.96698,0
2003-10-01,RELSCBM027NBOG_diff_lag_2,-3.5214233,0
2003-11-01,RELSCBM027NBOG_diff_lag_2,-13.392334,0
2003-12-01,RELSCBM027NBOG_diff_lag_2,-5.276123,0
2004-01-01,RELSCBM027NBOG_diff_lag_2,-26.737976,0
2004-02-01,RELSCBM027NBOG_diff_lag_2,-10.597351,0
2004-03-01,RELSCBM027NBOG_diff_lag_2,34.20453,0
2004-04-01,RELSCBM027NBOG_diff_lag_2,43.63678,0
2004-05-01,RELSCBM027NBOG_diff_lag_2,45.96393,0
2004-06-01,RELSCBM027NBOG_diff_lag_2,33.008484,0
2004-07-01,RELSCBM027NBOG_diff_lag_2,14.992798,0
2004-08-01,RELSCBM027NBOG_diff_lag_2,17.329834,0
2004-09-01,RELSCBM027NBOG_diff_lag_2,25.266602,0
2004-10-01,RELSCBM027NBOG_diff_lag_2,30.89795,0
2004-11-01,RELSCBM027NBOG_diff_lag_2,37.726074,0
2004-12-01,RELSCBM027NBOG_diff_lag_2,33.180298,0
2005-01-01,RELSCBM027NBOG_diff_lag_2,34.961914,0
2005-02-01,RELSCBM027NBOG_diff_lag_2,37.639404,0
2005-03-01,RELSCBM027NBOG_diff_lag_2,40.049072,0
2005-04-01,RELSCBM027NBOG_diff_lag_2,38.367188,0
2005-05-01,RELSCBM027NBOG_diff_lag_2,28.672607,0
2005-06-01,RELSCBM027NBOG_diff_lag_2,43.639526,0
2005-07-01,RELSCBM027NBOG_diff_lag_2,60.644043,0
2005-08-01,RELSCBM027NBOG_diff_lag_2,52.01416,0
2005-09-01,RELSCBM027NBOG_diff_lag_2,32.6593,0
2005-10-01,RELSCBM027NBOG_diff_lag_2,24.525513,0
2005-11-01,RELSCBM027NBOG_diff_lag_2,24.667603,0
2005-12-01,RELSCBM027NBOG_diff_lag_2,28.348633,0
2006-01-01,RELSCBM027NBOG_diff_lag_2,25.539673,0
2006-02-01,RELSCBM027NBOG_diff_lag_2,20.85608,0
2006-03-01,RELSCBM027NBOG_diff_lag_2,20.170898,0
2006-04-01,RELSCBM027NBOG_diff_lag_2,6.4019775,0
2006-05-01,RELSCBM027NBOG_diff_lag_2,14.413086,0
2006-06-01,RELSCBM027NBOG_diff_lag_2,34.062134,0
2006-07-01,RELSCBM027NBOG_diff_lag_2,37.311523,0
2006-08-01,RELSCBM027NBOG_diff_lag_2,36.385864,0
2006-09-01,RELSCBM027NBOG_diff_lag_2,25.592163,0
2006-10-01,RELSCBM027NBOG_diff_lag_2,21.994751,0
2006-11-01,RELSCBM027NBOG_diff_lag_2,41.54883,0
2006-12-01,RELSCBM027NBOG_diff_lag_2,47.665405,0
2007-01-01,RELSCBM027NBOG_diff_lag_2,23.473999,0
2007-02-01,RELSCBM027NBOG_diff_lag_2,17.473022,0
2007-03-01,RELSCBM027NBOG_diff_lag_2,-81.99402,0
2007-04-01,RELSCBM027NBOG_diff_lag_2,-95.63208,0
2007-05-01,RELSCBM027NBOG_diff_lag_2,9.3125,0
2007-06-01,RELSCBM027NBOG_diff_lag_2,17.90564,0
2007-07-01,RELSCBM027NBOG_diff_lag_2,5.7459717,0
2007-08-01,RELSCBM027NBOG_diff_lag_2,7.552368,0
2007-09-01,RELSCBM027NBOG_diff_lag_2,29.628052,0
2007-10-01,RELSCBM027NBOG_diff_lag_2,32.083252,0
2007-11-01,RELSCBM027NBOG_diff_lag_2,19.620728,0
2007-12-01,RELSCBM027NBOG_diff_lag_2,14.28125,0
2008-01-01,RELSCBM027NBOG_diff_lag_2,12.868652,0
2008-02-01,RELSCBM027NBOG_diff_lag_2,16.27771,0
2008-03-01,RELSCBM027NBOG_diff_lag_2,16.47754,0
2008-04-01,RELSCBM027NBOG_diff_lag_2,7.228882,0
2008-05-01,RELSCBM027NBOG_diff_lag_2,6.9278564,0
2008-06-01,RELSCBM027NBOG_diff_lag_2,12.640625,0
2008-07-01,RELSCBM027NBOG_diff_lag_2,13.01062,0
2008-08-01,RELSCBM027NBOG_diff_lag_2,12.156982,0
2008-09-01,RELSCBM027NBOG_diff_lag_2,7.8553467,0
2008-10-01,RELSCBM027NBOG_diff_lag_2,12.872437,0
2008-11-01,RELSCBM027NBOG_diff_lag_2,12.703735,0
2008-12-01,RELSCBM027NBOG_diff_lag_2,-7.4941406,0
2009-01-01,RELSCBM027NBOG_diff_lag_2,-10.026978,0
2009-02-01,RELSCBM027NBOG_diff_lag_2,17.23523,0
2009-03-01,RELSCBM027NBOG_diff_lag_2,17.411865,0
2009-04-01,RELSCBM027NBOG_diff_lag_2,-6.437622,0
2009-05-01,RELSCBM027NBOG_diff_lag_2,-9.451294,0
2009-06-01,RELSCBM027NBOG_diff_lag_2,-8.237915,0
2009-07-01,RELSCBM027NBOG_diff_lag_2,-10.953247,0
2009-08-01,RELSCBM027NBOG_diff_lag_2,-12.486084,0
2009-09-01,RELSCBM027NBOG_diff_lag_2,-13.641724,0
2009-10-01,RELSCBM027NBOG_diff_lag_2,-12.901978,0
2009-11-01,RELSCBM027NBOG_diff_lag_2,2.2583008,0
2009-12-01,RELSCBM027NBOG_diff_lag_2,-2.1864014,0
2010-01-01,RELSCBM027NBOG_diff_lag_2,-28.036987,0
2010-02-01,RELSCBM027NBOG_diff_lag_2,-30.476807,0
2010-03-01,RELSCBM027NBOG_diff_lag_2,-20.284912,0
2010-04-01,RELSCBM027NBOG_diff_lag_2,-6.889038,0
2010-05-01,RELSCBM027NBOG_diff_lag_2,-2.399292,0
2010-06-01,RELSCBM027NBOG_diff_lag_2,-9.477905,0
2010-07-01,RELSCBM027NBOG_diff_lag_2,-15.530518,0
2010-08-01,RELSCBM027NBOG_diff_lag_2,-10.531738,0
2010-09-01,RELSCBM027NBOG_diff_lag_2,-11.86438,0
2010-10-01,RELSCBM027NBOG_diff_lag_2,-13.612061,0
2010-11-01,RELSCBM027NBOG_diff_lag_2,-7.46521,0
2010-12-01,RELSCBM027NBOG_diff_lag_2,-10.627808,0
2011-01-01,RELSCBM027NBOG_diff_lag_2,-15.748779,0
2011-02-01,RELSCBM027NBOG_diff_lag_2,-25.417969,0
2011-03-01,RELSCBM027NBOG_diff_lag_2,-30.084229,0
2011-04-01,RELSCBM027NBOG_diff_lag_2,-15.281616,0
2011-05-01,RELSCBM027NBOG_diff_lag_2,-2.230713,0
2011-06-01,RELSCBM027NBOG_diff_lag_2,-3.8955078,0
2011-07-01,RELSCBM027NBOG_diff_lag_2,-6.1483154,0
2011-08-01,RELSCBM027NBOG_diff_lag_2,-7.5302734,0
2011-09-01,RELSCBM027NBOG_diff_lag_2,-5.553833,0
2011-10-01,RELSCBM027NBOG_diff_lag_2,8.104736,0
2011-11-01,RELSCBM027NBOG_diff_lag_2,17.118774,0
2011-12-01,RELSCBM027NBOG_diff_lag_2,9.525879,0
2012-01-01,RELSCBM027NBOG_diff_lag_2,12.541626,0
2012-02-01,RELSCBM027NBOG_diff_lag_2,39.67273,0
2012-03-01,RELSCBM027NBOG_diff_lag_2,31.388672,0
2012-04-01,RELSCBM027NBOG_diff_lag_2,0.9727783,0
2012-05-01,RELSCBM027NBOG_diff_lag_2,-0.2836914,0
2012-06-01,RELSCBM027NBOG_diff_lag_2,8.152954,0
2012-07-01,RELSCBM027NBOG_diff_lag_2,5.6210938,0
2012-08-01,RELSCBM027NBOG_diff_lag_2,0.9470215,0
2012-09-01,RELSCBM027NBOG_diff_lag_2,3.1188965,0
2012-10-01,RELSCBM027NBOG_diff_lag_2,-0.55578613,0
2012-11-01,RELSCBM027NBOG_diff_lag_2,-3.09729,0
2012-12-01,RELSCBM027NBOG_diff_lag_2,-1.0325928,0
2013-01-01,RELSCBM027NBOG_diff_lag_2,-2.1195068,0
2013-02-01,RELSCBM027NBOG_diff_lag_2,-5.806885,0
2013-03-01,RELSCBM027NBOG_diff_lag_2,-1.5812988,0
2013-04-01,RELSCBM027NBOG_diff_lag_2,6.9907227,0
2013-05-01,RELSCBM027NBOG_diff_lag_2,12.196167,0
2013-06-01,RELSCBM027NBOG_diff_lag_2,13.490845,0
2013-07-01,RELSCBM027NBOG_diff_lag_2,13.402832,0
2013-08-01,RELSCBM027NBOG_diff_lag_2,13.294312,0
2013-09-01,RELSCBM027NBOG_diff_lag_2,9.71814,0
2013-10-01,RELSCBM027NBOG_diff_lag_2,7.1610107,0
2013-11-01,RELSCBM027NBOG_diff_lag_2,13.911865,0
2013-12-01,RELSCBM027NBOG_diff_lag_2,16.929932,0
2014-01-01,RELSCBM027NBOG_diff_lag_2,10.197632,0
2014-02-01,RELSCBM027NBOG_diff_lag_2,8.964478,0
2014-03-01,RELSCBM027NBOG_diff_lag_2,25.492188,0
2014-04-01,RELSCBM027NBOG_diff_lag_2,29.81897,0
2014-05-01,RELSCBM027NBOG_diff_lag_2,18.150024,0
2014-06-01,RELSCBM027NBOG_diff_lag_2,21.349121,0
2014-07-01,RELSCBM027NBOG_diff_lag_2,22.294434,0
2014-08-01,RELSCBM027NBOG_diff_lag_2,17.952759,0
2014-09-01,RELSCBM027NBOG_diff_lag_2,15.556274,0
2014-10-01,RELSCBM027NBOG_diff_lag_2,12.651855,0
2014-11-01,RELSCBM027NBOG_diff_lag_2,16.550781,0
2014-12-01,RELSCBM027NBOG_diff_lag_2,24.76184,0
2015-01-01,RELSCBM027NBOG_diff_lag_2,24.076416,0
2015-02-01,RELSCBM027NBOG_diff_lag_2,23.41101,0
2015-03-01,RELSCBM027NBOG_diff_lag_2,38.346924,0
2015-04-01,RELSCBM027NBOG_diff_lag_2,33.994995,0
2015-05-01,RELSCBM027NBOG_diff_lag_2,19.565186,0
2015-06-01,RELSCBM027NBOG_diff_lag_2,23.415894,0
2015-07-01,RELSCBM027NBOG_diff_lag_2,23.715942,0
2015-08-01,RELSCBM027NBOG_diff_lag_2,22.123535,0
2015-09-01,RELSCBM027NBOG_diff_lag_2,25.61206,0
2015-10-01,RELSCBM027NBOG_diff_lag_2,24.410889,0
2015-11-01,RELSCBM027NBOG_diff_lag_2,20.113403,0
2015-12-01,RELSCBM027NBOG_diff_lag_2,26.57788,0
2016-01-01,RELSCBM027NBOG_diff_lag_2,26.17273,0
2016-02-01,RELSCBM027NBOG_diff_lag_2,16.560791,0
2016-03-01,RELSCBM027NBOG_diff_lag_2,23.2323,0
2016-04-01,RELSCBM027NBOG_diff_lag_2,30.968384,0
2016-05-01,RELSCBM027NBOG_diff_lag_2,32.774902,0
2016-06-01,RELSCBM027NBOG_diff_lag_2,35.353027,0
2016-07-01,RELSCBM027NBOG_diff_lag_2,30.888306,0
2016-08-01,RELSCBM027NBOG_diff_lag_2,27.907837,0
2016-09-01,RELSCBM027NBOG_diff_lag_2,27.07251,0
2016-10-01,RELSCBM027NBOG_diff_lag_2,26.63269,0
2016-11-01,RELSCBM027NBOG_diff_lag_2,21.67981,0
2016-12-01,RELSCBM027NBOG_diff_lag_2,25.350342,0
2017-01-01,RELSCBM027NBOG_diff_lag_2,28.348877,0
2017-02-01,RELSCBM027NBOG_diff_lag_2,16.690674,0
2017-03-01,RELSCBM027NBOG_diff_lag_2,16.590698,0
2017-04-01,RELSCBM027NBOG_diff_lag_2,24.279663,0
2017-05-01,RELSCBM027NBOG_diff_lag_2,24.18689,0
2017-06-01,RELSCBM027NBOG_diff_lag_2,21.548828,0
2017-07-01,RELSCBM027NBOG_diff_lag_2,24.786621,0
2017-08-01,RELSCBM027NBOG_diff_lag_2,21.39087,0
2017-09-01,RELSCBM027NBOG_diff_lag_2,17.869629,0
2017-10-01,RELSCBM027NBOG_diff_lag_2,32.639404,0
2017-11-01,RELSCBM027NBOG_diff_lag_2,37.041504,0
2017-12-01,RELSCBM027NBOG_diff_lag_2,26.040771,0
2018-01-01,RELSCBM027NBOG_diff_lag_2,26.59082,0
2018-02-01,RELSCBM027NBOG_diff_lag_2,20.75415,0
2018-03-01,RELSCBM027NBOG_diff_lag_2,15.530762,0
2018-04-01,RELSCBM027NBOG_diff_lag_2,21.801758,0
2018-05-01,RELSCBM027NBOG_diff_lag_2,26.963867,0
2018-06-01,RELSCBM027NBOG_diff_lag_2,28.103271,0
2018-07-01,RELSCBM027NBOG_diff_lag_2,26.716553,0
2018-08-01,RELSCBM027NBOG_diff_lag_2,19.936768,0
2018-09-01,RELSCBM027NBOG_diff_lag_2,20.270752,0
2018-10-01,RELSCBM027NBOG_diff_lag_2,24.471436,0
2018-11-01,RELSCBM027NBOG_diff_lag_2,17.454346,0
2018-12-01,RELSCBM027NBOG_diff_lag_2,19.987305,0
2019-01-01,RELSCBM027NBOG_diff_lag_2,21.41211,0
2019-02-01,RELSCBM027NBOG_diff_lag_2,14.680908,0
2019-03-01,RELSCBM027NBOG_diff_lag_2,16.932129,0
2000-01-01,ANDENO_perc_diff_lag_1,-0.8212019,0
2000-02-01,ANDENO_perc_diff_lag_1,-10.19513,0
2000-03-01,ANDENO_perc_diff_lag_1,8.162607,0
2000-04-01,ANDENO_perc_diff_lag_1,3.0863001,0
2000-05-01,ANDENO_perc_diff_lag_1,-2.6614046,0
2000-06-01,ANDENO_perc_diff_lag_1,13.0871935,0
2000-07-01,ANDENO_perc_diff_lag_1,-10.839845,0
2000-08-01,ANDENO_perc_diff_lag_1,2.6483629,0
2000-09-01,ANDENO_perc_diff_lag_1,7.66692,0
2000-10-01,ANDENO_perc_diff_lag_1,-12.402708,0
2000-11-01,ANDENO_perc_diff_lag_1,4.932599,0
2000-12-01,ANDENO_perc_diff_lag_1,4.6775317,0
2001-01-01,ANDENO_perc_diff_lag_1,-12.387456,0
2001-02-01,ANDENO_perc_diff_lag_1,2.366761,0
2001-03-01,ANDENO_perc_diff_lag_1,-0.8185581,0
2001-04-01,ANDENO_perc_diff_lag_1,-8.008658,0
2001-05-01,ANDENO_perc_diff_lag_1,1.3271265,0
2001-06-01,ANDENO_perc_diff_lag_1,-0.2238594,0
2001-07-01,ANDENO_perc_diff_lag_1,-6.95856,0
2001-08-01,ANDENO_perc_diff_lag_1,2.6147673,0
2001-09-01,ANDENO_perc_diff_lag_1,-7.781207,0
2001-10-01,ANDENO_perc_diff_lag_1,-4.5716457,0
2001-11-01,ANDENO_perc_diff_lag_1,4.730874,0
2001-12-01,ANDENO_perc_diff_lag_1,0.38245648,0
2002-01-01,ANDENO_perc_diff_lag_1,-6.897794,0
2002-02-01,ANDENO_perc_diff_lag_1,10.0840845,0
2002-03-01,ANDENO_perc_diff_lag_1,-6.4638433,0
2002-04-01,ANDENO_perc_diff_lag_1,2.2975779,0
2002-05-01,ANDENO_perc_diff_lag_1,4.0222664,0
2002-06-01,ANDENO_perc_diff_lag_1,-8.15898,0
2002-07-01,ANDENO_perc_diff_lag_1,6.8950167,0
2002-08-01,ANDENO_perc_diff_lag_1,7.5366707,0
2002-09-01,ANDENO_perc_diff_lag_1,-11.169192,0
2002-10-01,ANDENO_perc_diff_lag_1,2.9105823,0
2002-11-01,ANDENO_perc_diff_lag_1,-0.015402388,0
2002-12-01,ANDENO_perc_diff_lag_1,-1.3382885,0
2003-01-01,ANDENO_perc_diff_lag_1,0.950485,0
2003-02-01,ANDENO_perc_diff_lag_1,0.09086691,0
2003-03-01,ANDENO_perc_diff_lag_1,3.1059859,0
2003-04-01,ANDENO_perc_diff_lag_1,-3.39272,0
2003-05-01,ANDENO_perc_diff_lag_1,2.4511325,0
2003-06-01,ANDENO_perc_diff_lag_1,-0.24038461,0
2003-07-01,ANDENO_perc_diff_lag_1,-0.86898774,0
2003-08-01,ANDENO_perc_diff_lag_1,-0.64118516,0
2003-09-01,ANDENO_perc_diff_lag_1,5.802127,0
2003-10-01,ANDENO_perc_diff_lag_1,-1.2617435,0
2003-11-01,ANDENO_perc_diff_lag_1,-0.76155704,0
2003-12-01,ANDENO_perc_diff_lag_1,2.891226,0
2004-01-01,ANDENO_perc_diff_lag_1,-4.2872105,0
2004-02-01,ANDENO_perc_diff_lag_1,2.7169812,0
2004-03-01,ANDENO_perc_diff_lag_1,7.1216016,0
2004-04-01,ANDENO_perc_diff_lag_1,-7.160862,0
2004-05-01,ANDENO_perc_diff_lag_1,3.0365157,0
2004-06-01,ANDENO_perc_diff_lag_1,1.0181949,0
2004-07-01,ANDENO_perc_diff_lag_1,9.259489,0
2004-08-01,ANDENO_perc_diff_lag_1,-11.005181,0
2004-09-01,ANDENO_perc_diff_lag_1,8.300028,0
2004-10-01,ANDENO_perc_diff_lag_1,-4.54308,0
2004-11-01,ANDENO_perc_diff_lag_1,7.7267995,0
2004-12-01,ANDENO_perc_diff_lag_1,-1.1585605,0
2005-01-01,ANDENO_perc_diff_lag_1,2.5531774,0
2005-02-01,ANDENO_perc_diff_lag_1,0.72748435,0
2005-03-01,ANDENO_perc_diff_lag_1,-5.4729004,0
2005-04-01,ANDENO_perc_diff_lag_1,3.5027251,0
2005-05-01,ANDENO_perc_diff_lag_1,19.819553,0
2005-06-01,ANDENO_perc_diff_lag_1,-3.889543,0
2005-07-01,ANDENO_perc_diff_lag_1,-8.212133,0
2005-08-01,ANDENO_perc_diff_lag_1,6.9588428,0
2005-09-01,ANDENO_perc_diff_lag_1,-9.003192,0
2005-10-01,ANDENO_perc_diff_lag_1,7.3012834,0
2005-11-01,ANDENO_perc_diff_lag_1,20.905281,0
2005-12-01,ANDENO_perc_diff_lag_1,-3.049335,0
2006-01-01,ANDENO_perc_diff_lag_1,-12.4326515,0
2006-02-01,ANDENO_perc_diff_lag_1,2.2801633,0
2006-03-01,ANDENO_perc_diff_lag_1,10.271908,0
2006-04-01,ANDENO_perc_diff_lag_1,-8.710497,0
2006-05-01,ANDENO_perc_diff_lag_1,1.1445445,0
2006-06-01,ANDENO_perc_diff_lag_1,-0.9772847,0
2006-07-01,ANDENO_perc_diff_lag_1,-2.3809857,0
2006-08-01,ANDENO_perc_diff_lag_1,-2.5239089,0
2006-09-01,ANDENO_perc_diff_lag_1,28.018589,0
2006-10-01,ANDENO_perc_diff_lag_1,-12.289821,0
2006-11-01,ANDENO_perc_diff_lag_1,-0.9972801,0
2006-12-01,ANDENO_perc_diff_lag_1,5.8568244,0
2007-01-01,ANDENO_perc_diff_lag_1,-8.861474,0
2007-02-01,ANDENO_perc_diff_lag_1,4.6909604,0
2007-03-01,ANDENO_perc_diff_lag_1,10.685518,0
2007-04-01,ANDENO_perc_diff_lag_1,-2.9227755,0
2007-05-01,ANDENO_perc_diff_lag_1,-5.862571,0
2007-06-01,ANDENO_perc_diff_lag_1,5.466426,0
2007-07-01,ANDENO_perc_diff_lag_1,2.0619066,0
2007-08-01,ANDENO_perc_diff_lag_1,-7.6465406,0
2007-09-01,ANDENO_perc_diff_lag_1,2.04639,0
2007-10-01,ANDENO_perc_diff_lag_1,-1.4239798,0
2007-11-01,ANDENO_perc_diff_lag_1,5.5183883,0
2007-12-01,ANDENO_perc_diff_lag_1,5.8121066,0
2008-01-01,ANDENO_perc_diff_lag_1,-0.0791176,0
2008-02-01,ANDENO_perc_diff_lag_1,-5.1804843,0
2008-03-01,ANDENO_perc_diff_lag_1,-0.96400636,0
2008-04-01,ANDENO_perc_diff_lag_1,-1.9802594,0
2008-05-01,ANDENO_perc_diff_lag_1,1.195461,0
2008-06-01,ANDENO_perc_diff_lag_1,-6.160462,0
2008-07-01,ANDENO_perc_diff_lag_1,-0.7619961,0
2008-08-01,ANDENO_perc_diff_lag_1,-0.97189033,0
2008-09-01,ANDENO_perc_diff_lag_1,-7.267182,0
2008-10-01,ANDENO_perc_diff_lag_1,-5.446652,0
2008-11-01,ANDENO_perc_diff_lag_1,-5.876351,0
2008-12-01,ANDENO_perc_diff_lag_1,-8.856477,0
2009-01-01,ANDENO_perc_diff_lag_1,-7.812218,0
2009-02-01,ANDENO_perc_diff_lag_1,-9.676474,0
2009-03-01,ANDENO_perc_diff_lag_1,-1.4284168,0
2009-04-01,ANDENO_perc_diff_lag_1,-4.2419586,0
2009-05-01,ANDENO_perc_diff_lag_1,12.943388,0
2009-06-01,ANDENO_perc_diff_lag_1,-1.0597264,0
2009-07-01,ANDENO_perc_diff_lag_1,6.9230137,0
2009-08-01,ANDENO_perc_diff_lag_1,-1.1283823,0
2009-09-01,ANDENO_perc_diff_lag_1,-3.0957649,0
2009-10-01,ANDENO_perc_diff_lag_1,5.7063313,0
2009-11-01,ANDENO_perc_diff_lag_1,-4.8582687,0
2009-12-01,ANDENO_perc_diff_lag_1,-3.7062852,0
2010-01-01,ANDENO_perc_diff_lag_1,20.686232,0
2010-02-01,ANDENO_perc_diff_lag_1,3.7187462,0
2010-03-01,ANDENO_perc_diff_lag_1,-4.4528527,0
2010-04-01,ANDENO_perc_diff_lag_1,6.161375,0
2010-05-01,ANDENO_perc_diff_lag_1,0.0016289032,0
2010-06-01,ANDENO_perc_diff_lag_1,4.7595778,0
2010-07-01,ANDENO_perc_diff_lag_1,-5.390739,0
2010-08-01,ANDENO_perc_diff_lag_1,5.658455,0
2010-09-01,ANDENO_perc_diff_lag_1,7.4039507,0
2010-10-01,ANDENO_perc_diff_lag_1,-2.192614,0
2010-11-01,ANDENO_perc_diff_lag_1,-6.7519546,0
2010-12-01,ANDENO_perc_diff_lag_1,-4.639863,0
2011-01-01,ANDENO_perc_diff_lag_1,9.584707,0
2011-02-01,ANDENO_perc_diff_lag_1,-2.9843488,0
2011-03-01,ANDENO_perc_diff_lag_1,12.505091,0
2011-04-01,ANDENO_perc_diff_lag_1,-6.8954477,0
2011-05-01,ANDENO_perc_diff_lag_1,5.468248,0
2011-06-01,ANDENO_perc_diff_lag_1,-3.46216,0
2011-07-01,ANDENO_perc_diff_lag_1,2.5818012,0
2011-08-01,ANDENO_perc_diff_lag_1,13.501789,0
2011-09-01,ANDENO_perc_diff_lag_1,-9.919148,0
2011-10-01,ANDENO_perc_diff_lag_1,-0.12462019,0
2011-11-01,ANDENO_perc_diff_lag_1,8.651582,0
2011-12-01,ANDENO_perc_diff_lag_1,10.093034,0
2012-01-01,ANDENO_perc_diff_lag_1,-0.20041959,0
2012-02-01,ANDENO_perc_diff_lag_1,-0.8960658,0
2012-03-01,ANDENO_perc_diff_lag_1,-8.260751,0
2012-04-01,ANDENO_perc_diff_lag_1,-1.3808515,0
2012-05-01,ANDENO_perc_diff_lag_1,0.24362451,0
2012-06-01,ANDENO_perc_diff_lag_1,-1.6045367,0
2012-07-01,ANDENO_perc_diff_lag_1,7.7298985,0
2012-08-01,ANDENO_perc_diff_lag_1,-17.687302,0
2012-09-01,ANDENO_perc_diff_lag_1,13.702323,0
2012-10-01,ANDENO_perc_diff_lag_1,2.7882044,0
2012-11-01,ANDENO_perc_diff_lag_1,-4.787043,0
2012-12-01,ANDENO_perc_diff_lag_1,6.343866,0
2013-01-01,ANDENO_perc_diff_lag_1,-1.9918504,0
2013-02-01,ANDENO_perc_diff_lag_1,8.277812,0
2013-03-01,ANDENO_perc_diff_lag_1,-12.9622345,0
2013-04-01,ANDENO_perc_diff_lag_1,4.993903,0
2013-05-01,ANDENO_perc_diff_lag_1,12.07558,0
2013-06-01,ANDENO_perc_diff_lag_1,7.3223267,0
2013-07-01,ANDENO_perc_diff_lag_1,-20.142769,0
2013-08-01,ANDENO_perc_diff_lag_1,2.6830595,0
2013-09-01,ANDENO_perc_diff_lag_1,7.9526362,0
2013-10-01,ANDENO_perc_diff_lag_1,-7.3287907,0
2013-11-01,ANDENO_perc_diff_lag_1,15.922556,0
2013-12-01,ANDENO_perc_diff_lag_1,-2.1059597,0
2014-01-01,ANDENO_perc_diff_lag_1,-9.163268,0
2014-02-01,ANDENO_perc_diff_lag_1,-3.3266194,0
2014-03-01,ANDENO_perc_diff_lag_1,3.9745734,0
2014-04-01,ANDENO_perc_diff_lag_1,-1.6975329,0
2014-05-01,ANDENO_perc_diff_lag_1,-0.3869175,0
2014-06-01,ANDENO_perc_diff_lag_1,3.6521943,0
2014-07-01,ANDENO_perc_diff_lag_1,64.10472,0
2014-08-01,ANDENO_perc_diff_lag_1,-36.820408,0
2014-09-01,ANDENO_perc_diff_lag_1,-4.7362037,0
2014-10-01,ANDENO_perc_diff_lag_1,-6.7018905,0
2014-11-01,ANDENO_perc_diff_lag_1,2.7442312,0
2014-12-01,ANDENO_perc_diff_lag_1,-5.440153,0
2015-01-01,ANDENO_perc_diff_lag_1,5.591606,0
2015-02-01,ANDENO_perc_diff_lag_1,-3.844261,0
2015-03-01,ANDENO_perc_diff_lag_1,3.2453969,0
2015-04-01,ANDENO_perc_diff_lag_1,0.14202833,0
2015-05-01,ANDENO_perc_diff_lag_1,-9.974712,0
2015-06-01,ANDENO_perc_diff_lag_1,11.2567625,0
2015-07-01,ANDENO_perc_diff_lag_1,-1.4707847,0
2015-08-01,ANDENO_perc_diff_lag_1,0.4704638,0
2015-09-01,ANDENO_perc_diff_lag_1,-10.597269,0
2015-10-01,ANDENO_perc_diff_lag_1,13.156028,0
2015-11-01,ANDENO_perc_diff_lag_1,-7.111129,0
2015-12-01,ANDENO_perc_diff_lag_1,-10.504624,0
2016-01-01,ANDENO_perc_diff_lag_1,16.766418,0
2016-02-01,ANDENO_perc_diff_lag_1,-9.251065,0
2016-03-01,ANDENO_perc_diff_lag_1,-5.3968925,0
2016-04-01,ANDENO_perc_diff_lag_1,14.241124,0
2016-05-01,ANDENO_perc_diff_lag_1,-0.6781466,0
2016-06-01,ANDENO_perc_diff_lag_1,-13.8544445,0
2016-07-01,ANDENO_perc_diff_lag_1,9.920414,0
2016-08-01,ANDENO_perc_diff_lag_1,-0.89535785,0
2016-09-01,ANDENO_perc_diff_lag_1,-1.5859177,0
2016-10-01,ANDENO_perc_diff_lag_1,20.703245,0
2016-11-01,ANDENO_perc_diff_lag_1,-21.387714,0
2016-12-01,ANDENO_perc_diff_lag_1,5.6261168,0
2017-01-01,ANDENO_perc_diff_lag_1,3.8923433,0
2017-02-01,ANDENO_perc_diff_lag_1,5.1136866,0
2017-03-01,ANDENO_perc_diff_lag_1,0.069777824,0
2017-04-01,ANDENO_perc_diff_lag_1,-1.6344517,0
2017-05-01,ANDENO_perc_diff_lag_1,-0.16871296,0
2017-06-01,ANDENO_perc_diff_lag_1,21.02535,0
2017-07-01,ANDENO_perc_diff_lag_1,-19.30298,0
2017-08-01,ANDENO_perc_diff_lag_1,3.4971645,0
2017-09-01,ANDENO_perc_diff_lag_1,9.629786,0
2017-10-01,ANDENO_perc_diff_lag_1,-4.012611,0
2017-11-01,ANDENO_perc_diff_lag_1,1.7477102,0
2017-12-01,ANDENO_perc_diff_lag_1,1.6481426,0
2018-01-01,ANDENO_perc_diff_lag_1,-4.2200794,0
2018-02-01,ANDENO_perc_diff_lag_1,6.7390895,0
2018-03-01,ANDENO_perc_diff_lag_1,4.519282,0
2018-04-01,ANDENO_perc_diff_lag_1,-6.6108513,0
2018-05-01,ANDENO_perc_diff_lag_1,1.4061913,0
2018-06-01,ANDENO_perc_diff_lag_1,-1.4938511,0
2018-07-01,ANDENO_perc_diff_lag_1,-3.1456804,0
2018-08-01,ANDENO_perc_diff_lag_1,8.548162,0
2018-09-01,ANDENO_perc_diff_lag_1,-3.0191793,0
2018-10-01,ANDENO_perc_diff_lag_1,-3.092849,0
2018-11-01,ANDENO_perc_diff_lag_1,-1.1534177,0
2018-12-01,ANDENO_perc_diff_lag_1,2.8323278,0
2019-01-01,ANDENO_perc_diff_lag_1,3.9806063,0
2019-02-01,ANDENO_perc_diff_lag_1,-5.888043,0
2019-03-01,ANDENO_perc_diff_lag_1,2.5695086,0
